100 100
# Row 0
0.252681
0.980949
0.420693
0.047120
0.581703
0.508780
0.603907
0.550329
0.276322
0.548122
0.076689
0.858353
0.082768
0.022057
0.993691
0.503318
0.925470
0.709982
0.263129
0.145731
0.470801
0.215231
0.642642
0.410379
0.865155
0.375995
0.412609
0.714348
0.095379
0.034199
0.065211
0.150299
0.552195
0.877482
0.955725
0.767005
0.643046
0.348463
0.129287
0.274887
0.251427
0.014733
0.996317
0.164943
0.605161
0.969628
0.320622
0.973877
0.654257
0.710762
0.196717
0.355837
0.406024
0.958904
0.621016
0.271941
0.185392
0.238261
0.652459
0.913444
0.424077
0.960239
0.461849
0.504228
0.104104
0.721713
0.189197
0.345159
0.237652
0.546642
0.070985
0.969390
0.933124
0.633186
0.824201
0.066953
0.431587
0.599527
0.543759
0.542832
0.581313
0.298193
0.100565
0.219529
0.212181
0.554324
0.137714
0.947983
0.765458
0.007122
0.624378
0.305225
0.895340
0.940406
0.615963
0.329641
0.982100
0.188062
0.413395
0.462104
# Row 1
0.056394
0.019292
0.945447
0.751032
0.332019
0.238475
0.600333
0.559833
0.759948
0.482339
0.294129
0.244960
0.958045
0.036010
0.624744
0.201359
0.824273
0.107626
0.065039
0.089503
0.721088
0.852850
0.294462
0.145065
0.517110
0.995436
0.655325
0.049979
0.009811
0.383338
0.000958
0.623999
0.428408
0.502724
0.734895
0.431453
0.256115
0.861242
0.932520
0.531936
0.520384
0.279199
0.101928
0.919839
0.811630
0.790843
0.344968
0.470437
0.516447
0.871107
0.591486
0.354703
0.329631
0.645161
0.821694
0.206745
0.857882
0.203542
0.088639
0.773142
0.692352
0.994970
0.983154
0.179270
0.430858
0.878079
0.428986
0.291670
0.825373
0.923848
0.290487
0.305566
0.146167
0.629757
0.857118
0.651825
0.448826
0.257386
0.428763
0.497141
0.240279
0.475914
0.757546
0.545249
0.929368
0.088744
0.252444
0.966081
0.858631
0.059090
0.572784
0.155285
0.917402
0.318129
0.428943
0.620401
0.080748
0.437223
0.179750
0.704667
# Row 2
0.380795
0.440356
0.725750
0.588180
0.051645
0.106555
0.508310
0.182678
0.979325
0.612488
0.352414
0.184982
0.295094
0.356150
0.854778
0.840193
0.463366
0.112694
0.890730
0.444700
0.601754
0.147680
0.168334
0.487282
0.925818
0.661773
0.124808
0.670876
0.108752
0.590062
0.569806
0.105640
0.288048
0.720417
0.517281
0.333747
0.317203
0.735808
0.499931
0.796847
0.358623
0.798136
0.168700
0.037631
0.830315
0.864385
0.188175
0.627538
0.167867
0.013857
0.844273
0.213977
0.537063
0.637630
0.583367
0.503829
0.051779
0.633583
0.055385
0.657281
0.815076
0.513245
0.493866
0.809899
0.135613
0.077069
0.242947
0.014262
0.081266
0.584597
0.447668
0.179409
0.450433
0.933355
0.825403
0.861093
0.679849
0.578566
0.701800
0.433477
0.905198
0.854073
0.246332
0.059133
0.664792
0.087869
0.905547
0.415221
0.732454
0.803814
0.184864
0.666561
0.507362
0.240287
0.153513
0.178427
0.827466
0.038431
0.776735
0.801419
# Row 3
0.139326
0.914459
0.552195
0.746669
0.608625
0.355008
0.034600
0.501043
0.028489
0.300345
0.967711
0.449273
0.641225
0.611331
0.653310
0.803479
0.175642
0.072230
0.322497
0.661772
0.287215
0.248052
0.039168
0.988435
0.020609
0.693093
0.665266
0.631090
0.070292
0.563316
0.711755
0.158436
0.250003
0.401391
0.251180
0.949410
0.278693
0.787504
0.192741
0.115320
0.410370
0.244800
0.038160
0.155802
0.567326
0.584831
0.118157
0.792824
0.047861
0.120163
0.330441
0.890900
0.966370
0.468872
0.588923
0.342962
0.819139
0.154889
0.781923
0.007512
0.755229
0.760738
0.709025
0.342041
0.648137
0.922259
0.609576
0.048804
0.118760
0.141416
0.851504
0.481575
0.539433
0.921576
0.661085
0.545755
0.366905
0.553947
0.439539
0.540035
0.101353
0.473839
0.931141
0.656861
0.769428
0.196409
0.933203
0.393269
0.180581
0.684559
0.227188
0.775600
0.734145
0.613336
0.272039
0.314607
0.264913
0.407605
0.948190
0.864977
# Row 4
0.140112
0.440997
0.239427
0.840070
0.471938
0.207420
0.358870
0.443488
0.126433
0.191100
0.086800
0.029757
0.008808
0.161669
0.317101
0.343145
0.532904
0.567829
0.284058
0.043433
0.961897
0.972388
0.143574
0.587727
0.490443
0.204698
0.447113
0.566458
0.155014
0.260877
0.210538
0.998233
0.367262
0.380607
0.334334
0.771644
0.601001
0.110129
0.870393
0.422537
0.391017
0.228540
0.300701
0.183288
0.763884
0.888228
0.545067
0.807525
0.787646
0.185711
0.751820
0.021521
0.447432
0.137211
0.153594
0.684568
0.204399
0.950590
0.949516
0.348309
0.630805
0.844047
0.567973
0.022930
0.517545
0.010053
0.986528
0.610825
0.983156
0.723904
0.456355
0.820780
0.864508
0.879023
0.869933
0.983605
0.106399
0.240580
0.697793
0.249764
0.885695
0.555332
0.431197
0.247780
0.779003
0.964971
0.534229
0.646602
0.713034
0.334099
0.215379
0.813884
0.603555
0.529646
0.763104
0.154013
0.200246
0.048820
0.592777
0.894107
# Row 5
0.496966
0.876107
0.567892
0.353269
0.254133
0.010413
0.083427
0.760556
0.404569
0.711021
0.034101
0.801977
0.896681
0.400862
0.288143
0.487993
0.468007
0.088680
0.004678
0.993256
0.864511
0.644673
0.879388
0.572679
0.631679
0.819204
0.691488
0.886210
0.135257
0.329223
0.821071
0.343375
0.333641
0.965430
0.378461
0.822699
0.759664
0.574168
0.358430
0.136200
0.494268
0.036215
0.627216
0.341652
0.773746
0.360459
0.347508
0.791981
0.489577
0.609788
0.627388
0.129719
0.767072
0.221072
0.178256
0.152879
0.176024
0.028093
0.721609
0.105873
0.891271
0.868454
0.886167
0.884492
0.319713
0.491462
0.679017
0.427555
0.707113
0.787752
0.044372
0.130308
0.975329
0.352743
0.991385
0.027320
0.288999
0.560279
0.681476
0.217272
0.458751
0.660955
0.322371
0.141404
0.432493
0.698227
0.779977
0.874439
0.562174
0.036782
0.253136
0.175484
0.643497
0.069545
0.875917
0.201041
0.571720
0.775668
0.636463
0.167894
# Row 6
0.826961
0.570941
0.902507
0.926015
0.464863
0.669059
0.196770
0.056891
0.238503
0.567382
0.698778
0.337916
0.388686
0.410237
0.494793
0.936067
0.314089
0.758001
0.538862
0.632318
0.149798
0.608487
0.013461
0.490817
0.450918
0.551229
0.628367
0.323220
0.982936
0.373776
0.915385
0.848803
0.676919
0.736040
0.761345
0.795637
0.307624
0.153851
0.972634
0.148642
0.416790
0.221555
0.234688
0.038462
0.530901
0.006667
0.275853
0.233584
0.239229
0.883858
0.676355
0.089867
0.209016
0.773245
0.592520
0.010747
0.553068
0.106713
0.659650
0.751901
0.042125
0.679563
0.663070
0.181495
0.709221
0.432003
0.847852
0.686636
0.243390
0.740804
0.298802
0.244854
0.860915
0.846032
0.941802
0.093093
0.797540
0.967253
0.876937
0.903385
0.236402
0.619440
0.887632
0.782376
0.003811
0.778373
0.715897
0.259727
0.186355
0.291353
0.642652
0.617835
0.484331
0.220055
0.857802
0.482076
0.482442
0.342467
0.294445
0.967742
# Row 7
0.531392
0.549778
0.985398
0.938123
0.864035
0.337124
0.481593
0.029907
0.265685
0.505377
0.557057
0.149544
0.756797
0.831046
0.873979
0.630777
0.582459
0.105353
0.756203
0.302918
0.419897
0.139240
0.936459
0.376020
0.273692
0.142128
0.520439
0.467961
0.517856
0.137682
0.321756
0.835240
0.031758
0.624384
0.740874
0.120304
0.258517
0.632760
0.016757
0.780372
0.263684
0.300600
0.703571
0.043522
0.790429
0.474025
0.800952
0.365500
0.774999
0.053111
0.982744
0.193965
0.510910
0.508685
0.666592
0.535227
0.418294
0.390517
0.289274
0.651945
0.300318
0.680352
0.597190
0.879400
0.744000
0.485970
0.228313
0.354134
0.468583
0.059923
0.504331
0.613917
0.539518
0.209872
0.526180
0.904569
0.376787
0.363065
0.182322
0.360493
0.897731
0.387704
0.049463
0.395448
0.279606
0.556621
0.856017
0.922674
0.117051
0.077233
0.858176
0.833936
0.923683
0.485386
0.269249
0.311074
0.302526
0.004017
0.610015
0.467495
# Row 8
0.832487
0.061005
0.289594
0.857696
0.011197
0.420156
0.864213
0.027784
0.010014
0.446393
0.689792
0.377387
0.664746
0.558419
0.221171
0.671971
0.003641
0.841899
0.106937
0.983864
0.738615
0.542381
0.778011
0.190339
0.880750
0.933549
0.177653
0.348444
0.929185
0.082928
0.080365
0.870341
0.694216
0.799058
0.500755
0.901498
0.599192
0.542447
0.607188
0.259826
0.438625
0.083889
0.388506
0.719829
0.806484
0.980269
0.838053
0.955919
0.332080
0.557499
0.333369
0.617577
0.132324
0.606393
0.121347
0.461097
0.497744
0.739021
0.739231
0.263928
0.342846
0.665242
0.886980
0.094277
0.764728
0.141957
0.744415
0.987816
0.640888
0.147206
0.228655
0.922287
0.359745
0.829090
0.898335
0.297960
0.895329
0.882907
0.518454
0.685868
0.718905
0.391646
0.044496
0.046014
0.771173
0.513656
0.510437
0.734395
0.513325
0.170866
0.009595
0.591241
0.126002
0.551241
0.340143
0.054801
0.252721
0.525468
0.601813
0.287075
# Row 9
0.387078
0.241196
0.933325
0.582717
0.507891
0.215114
0.980938
0.103062
0.878232
0.225933
0.599956
0.117646
0.876041
0.517828
0.678809
0.220107
0.226822
0.067558
0.008487
0.329008
0.302129
0.528401
0.420604
0.992614
0.048411
0.534962
0.310509
0.536193
0.264929
0.195219
0.425857
0.758013
0.080485
0.185727
0.917471
0.173307
0.638273
0.044487
0.052617
0.592345
0.816364
0.180620
0.318727
0.108061
0.745929
0.213723
0.489021
0.259973
0.476632
0.456930
0.374199
0.274315
0.242841
0.370477
0.693596
0.286167
0.847766
0.356630
0.715102
0.399070
0.975959
0.327586
0.938929
0.293220
0.116315
0.556304
0.242622
0.957231
0.904638
0.682868
0.122939
0.483909
0.331803
0.678034
0.227150
0.871276
0.493615
0.609034
0.477770
0.430534
0.542735
0.273901
0.179604
0.887968
0.730797
0.998663
0.428409
0.133441
0.967397
0.971478
0.491584
0.010586
0.067643
0.529473
0.131476
0.649832
0.784839
0.443683
0.822526
0.842636
# Row 10
0.131635
0.856696
0.659153
0.461847
0.261251
0.523574
0.349744
0.207842
0.018381
0.062230
0.884093
0.152290
0.963134
0.223158
0.291170
0.951212
0.335121
0.694337
0.868186
0.887084
0.751003
0.634988
0.560815
0.397300
0.937938
0.217009
0.961385
0.665381
0.096010
0.696333
0.023404
0.544298
0.481717
0.454725
0.876377
0.291508
0.016780
0.577904
0.577356
0.706393
0.484903
0.666187
0.720699
0.547247
0.594833
0.022609
0.214192
0.981868
0.600391
0.209684
0.339953
0.098693
0.594413
0.304531
0.277685
0.620694
0.179350
0.373144
0.354129
0.258804
0.186112
0.604306
0.377480
0.092927
0.016573
0.833483
0.953573
0.844926
0.153616
0.504300
0.799637
0.417988
0.373940
0.382743
0.862000
0.019999
0.249000
0.995454
0.800464
0.104966
0.992836
0.012597
0.870984
0.186816
0.554388
0.857414
0.870234
0.875346
0.826883
0.184156
0.003708
0.716605
0.806433
0.524511
0.909795
0.192135
0.653091
0.126620
0.675302
0.536389
# Row 11
0.644946
0.582403
0.275802
0.503119
0.552554
0.306156
0.182946
0.373977
0.658160
0.853667
0.819234
0.021038
0.491065
0.785490
0.480946
0.765104
0.914442
0.625339
0.367051
0.809760
0.875533
0.055062
0.474357
0.764173
0.393977
0.947393
0.578301
0.923051
0.013853
0.058180
0.999256
0.668177
0.363763
0.088375
0.743670
0.351365
0.863865
0.555469
0.248623
0.962838
0.275419
0.172876
0.891438
0.572070
0.321326
0.678014
0.649825
0.130627
0.207699
0.745257
0.512951
0.569859
0.567302
0.503936
0.103048
0.922263
0.224207
0.505023
0.327232
0.296603
0.672161
0.759763
0.049578
0.186452
0.271735
0.741464
0.766982
0.673713
0.736332
0.295779
0.054645
0.377027
0.405725
0.058655
0.287213
0.405101
0.337299
0.813676
0.461632
0.412337
0.196786
0.826640
0.172938
0.065123
0.947748
0.435131
0.202766
0.648624
0.145812
0.420589
0.253768
0.153446
0.291590
0.091603
0.035959
0.347302
0.815115
0.716970
0.821003
0.067528
# Row 12
0.312568
0.388417
0.318318
0.165481
0.169147
0.504220
0.086700
0.233488
0.544417
0.550370
0.923894
0.879697
0.310752
0.435152
0.724448
0.957395
0.192063
0.291411
0.066566
0.764785
0.397512
0.899298
0.387966
0.911555
0.160082
0.967552
0.598516
0.792946
0.027671
0.725627
0.616407
0.554177
0.597687
0.170026
0.820593
0.092499
0.796203
0.939531
0.204118
0.195822
0.268722
0.994813
0.962922
0.911457
0.039016
0.892727
0.937872
0.872331
0.200689
0.584987
0.272415
0.668006
0.006892
0.960680
0.585984
0.661468
0.618561
0.183963
0.078453
0.538090
0.840658
0.659382
0.161442
0.589322
0.127181
0.860557
0.298797
0.429762
0.755201
0.471803
0.775123
0.812502
0.470247
0.270883
0.594863
0.124597
0.782355
0.894059
0.845361
0.333515
0.964457
0.307459
0.788811
0.828375
0.271271
0.212301
0.036576
0.109190
0.884087
0.252489
0.214504
0.366443
0.099814
0.303583
0.062371
0.045852
0.654327
0.100160
0.390141
0.783516
# Row 13
0.211627
0.317421
0.407452
0.039964
0.700934
0.041869
0.772529
0.163411
0.660913
0.439490
0.097912
0.919231
0.199264
0.718665
0.381191
0.071066
0.820592
0.064881
0.880878
0.866746
0.767533
0.736780
0.765154
0.137390
0.789390
0.615577
0.562203
0.669487
0.357129
0.114988
0.126016
0.956903
0.319554
0.925259
0.794843
0.922566
0.207081
0.786623
0.408016
0.648767
0.779250
0.584307
0.310736
0.141884
0.750275
0.014438
0.819108
0.143749
0.762354
0.888818
0.445470
0.590402
0.785804
0.593092
0.556644
0.502816
0.963210
0.069708
0.817702
0.507025
0.064787
0.011905
0.477068
0.347455
0.845085
0.291410
0.194241
0.342134
0.676321
0.329620
0.071095
0.787502
0.448416
0.504451
0.896905
0.550082
0.265663
0.373265
0.384200
0.069166
0.408573
0.612122
0.588717
0.466529
0.168577
0.014799
0.456758
0.534092
0.882764
0.568728
0.914670
0.807256
0.003700
0.702100
0.449051
0.379740
0.621831
0.965321
0.266277
0.365155
# Row 14
0.129132
0.124924
0.863389
0.141993
0.865059
0.378624
0.889286
0.553375
0.639875
0.881854
0.178935
0.782851
0.084767
0.259749
0.660399
0.545134
0.259579
0.280812
0.774384
0.759214
0.862331
0.421606
0.121524
0.894526
0.562999
0.953608
0.229468
0.473167
0.338414
0.247330
0.779040
0.687639
0.454879
0.794062
0.968331
0.059867
0.747564
0.586808
0.250747
0.469647
0.726430
0.839611
0.736142
0.556017
0.520983
0.934344
0.574613
0.421041
0.812392
0.107904
0.584871
0.110100
0.321134
0.887753
0.881146
0.514959
0.579613
0.072738
0.884985
0.044948
0.158006
0.077616
0.675122
0.677620
0.092384
0.417799
0.376901
0.263882
0.429226
0.725185
0.172651
0.295168
0.820251
0.942018
0.429315
0.703589
0.324849
0.738393
0.495964
0.762730
0.680794
0.006943
0.481149
0.280041
0.542525
0.787646
0.041015
0.155333
0.642863
0.714404
0.109635
0.048210
0.669896
0.116549
0.001944
0.515335
0.355035
0.081828
0.289146
0.101954
# Row 15
0.908446
0.937471
0.861634
0.697300
0.409529
0.842920
0.183703
0.077402
0.036654
0.137780
0.639030
0.188831
0.403625
0.143029
0.250644
0.991310
0.640201
0.679857
0.821620
0.834621
0.918591
0.321367
0.523792
0.545271
0.673092
0.516451
0.205370
0.931037
0.900413
0.176356
0.691484
0.957342
0.355968
0.062647
0.314653
0.729857
0.697108
0.595718
0.988187
0.844553
0.266470
0.266743
0.681118
0.992281
0.184189
0.199539
0.977972
0.672930
0.231456
0.104500
0.023159
0.868172
0.992817
0.692379
0.023941
0.816069
0.291952
0.884759
0.286592
0.040481
0.844465
0.949603
0.609780
0.318996
0.579141
0.099103
0.582328
0.771126
0.391418
0.473465
0.707927
0.050905
0.413292
0.674249
0.288291
0.212125
0.764189
0.746076
0.073405
0.048588
0.317456
0.393068
0.970516
0.104568
0.234930
0.179236
0.683215
0.501746
0.923844
0.938601
0.322310
0.778059
0.020200
0.815207
0.538218
0.012053
0.943215
0.485186
0.020556
0.184544
# Row 16
0.266926
0.667875
0.697799
0.469751
0.466221
0.011766
0.254682
0.552985
0.692183
0.610328
0.727133
0.134720
0.870554
0.544687
0.696514
0.135119
0.180408
0.012735
0.702722
0.283389
0.518842
0.350768
0.848177
0.427589
0.880916
0.913533
0.543937
0.088492
0.249668
0.696156
0.030411
0.202024
0.994121
0.367234
0.716608
0.235634
0.387674
0.162445
0.755088
0.652178
0.486587
0.753827
0.289292
0.148742
0.628628
0.668776
0.863458
0.976027
0.433070
0.257541
0.913652
0.595929
0.691448
0.287102
0.605540
0.750767
0.547962
0.426888
0.547464
0.877947
0.071560
0.657542
0.786323
0.529947
0.739036
0.713215
0.642086
0.763324
0.578617
0.311704
0.210847
0.194492
0.193192
0.151623
0.075787
0.827436
0.596458
0.494106
0.922958
0.723200
0.586861
0.895954
0.330161
0.877195
0.164352
0.135285
0.151453
0.213273
0.503026
0.148645
0.278917
0.698677
0.045928
0.474913
0.452540
0.177804
0.032293
0.136603
0.486668
0.451950
# Row 17
0.925846
0.459224
0.268990
0.374623
0.837228
0.175857
0.099885
0.655504
0.754128
0.444275
0.014025
0.679725
0.667164
0.540590
0.253040
0.852124
0.044217
0.925037
0.831973
0.808525
0.424962
0.806270
0.409997
0.728687
0.623200
0.980051
0.387872
0.009497
0.407687
0.571927
0.214053
0.674285
0.931283
0.872350
0.394683
0.207259
0.269948
0.983241
0.229598
0.504261
0.472462
0.779579
0.099458
0.455995
0.591650
0.275960
0.424167
0.352127
0.429497
0.939714
0.618743
0.979106
0.671142
0.638258
0.361752
0.537008
0.773652
0.593527
0.838711
0.517294
0.310294
0.050993
0.856541
0.551194
0.423315
0.980895
0.576946
0.184828
0.909751
0.406450
0.270840
0.180503
0.135494
0.305300
0.840506
0.542495
0.150650
0.128966
0.731735
0.169609
0.850290
0.019324
0.308845
0.135828
0.903339
0.724972
0.288136
0.775137
0.150885
0.003689
0.620339
0.318443
0.774118
0.175330
0.433158
0.011234
0.350157
0.213349
0.647649
0.782899
# Row 18
0.877826
0.849413
0.476372
0.385514
0.469961
0.146389
0.709818
0.855239
0.007069
0.668287
0.966265
0.447656
0.040214
0.054938
0.587947
0.274468
0.358145
0.573395
0.735335
0.528629
0.212344
0.162056
0.286511
0.874440
0.369259
0.967536
0.168556
0.635412
0.155249
0.274506
0.713799
0.313240
0.028343
0.686515
0.980521
0.584243
0.081837
0.088566
0.842664
0.753873
0.215821
0.232693
0.127397
0.104860
0.540324
0.174511
0.456722
0.190152
0.261919
0.455779
0.476882
0.828845
0.796859
0.095112
0.287329
0.932953
0.918626
0.601536
0.512696
0.787095
0.234682
0.364479
0.203099
0.624534
0.373158
0.665701
0.659689
0.284627
0.699893
0.985818
0.126445
0.032422
0.762802
0.288241
0.781469
0.795319
0.635054
0.120112
0.520551
0.789397
0.890265
0.002204
0.024554
0.824858
0.659227
0.032510
0.615381
0.192405
0.484167
0.511741
0.461319
0.527083
0.976663
0.839138
0.022792
0.150745
0.401062
0.815493
0.918633
0.227079
# Row 19
0.626286
0.734307
0.028486
0.382703
0.623392
0.414398
0.969870
0.903780
0.120192
0.316557
0.642509
0.999811
0.772042
0.547050
0.315045
0.115515
0.461812
0.351688
0.440180
0.689212
0.122641
0.381115
0.677182
0.813833
0.883001
0.811942
0.331789
0.807148
0.791555
0.355907
0.902537
0.984123
0.894188
0.312687
0.662102
0.830391
0.840491
0.419060
0.168175
0.075944
0.402883
0.131449
0.459632
0.777445
0.537905
0.729363
0.072426
0.741657
0.723190
0.838880
0.230869
0.407674
0.910913
0.508154
0.912097
0.488843
0.272627
0.197188
0.426073
0.234012
0.023153
0.113279
0.634855
0.470194
0.632435
0.388817
0.590950
0.643738
0.122078
0.082477
0.796068
0.783926
0.433674
0.826626
0.262459
0.711806
0.913380
0.847138
0.346382
0.338488
0.223817
0.766544
0.867216
0.612528
0.740789
0.052758
0.229730
0.547189
0.067153
0.694656
0.237388
0.887936
0.376227
0.938996
0.580945
0.861589
0.137214
0.992895
0.871666
0.214953
# Row 20
0.458311
0.030088
0.778036
0.426873
0.970573
0.701012
0.737867
0.728524
0.356462
0.465501
0.726231
0.948111
0.368731
0.287187
0.238889
0.404153
0.383375
0.661026
0.529200
0.193217
0.158450
0.215666
0.945206
0.480849
0.830372
0.632133
0.137474
0.426575
0.150783
0.756986
0.834775
0.414239
0.258154
0.234258
0.654856
0.466733
0.675157
0.924876
0.075177
0.389674
0.839756
0.778802
0.730726
0.992213
0.007282
0.643602
0.833009
0.996431
0.322971
0.968942
0.869442
0.181400
0.858269
0.250540
0.201981
0.266657
0.356306
0.865999
0.547614
0.765656
0.847217
0.220961
0.103888
0.916477
0.505536
0.644928
0.745850
0.099191
0.540698
0.565500
0.935544
0.291759
0.277142
0.226611
0.873638
0.904906
0.209902
0.695513
0.809984
0.217271
0.860491
0.484977
0.094365
0.942339
0.929882
0.677474
0.471677
0.675554
0.102305
0.618590
0.742014
0.961991
0.025187
0.704842
0.353181
0.000580
0.435036
0.449164
0.861933
0.959744
# Row 21
0.152328
0.304247
0.784631
0.061343
0.094969
0.863620
0.905119
0.925728
0.501893
0.262617
0.067632
0.731777
0.986425
0.351594
0.258784
0.993929
0.701766
0.512806
0.981582
0.795985
0.975163
0.606937
0.605552
0.141975
0.007772
0.247555
0.303150
0.321492
0.227110
0.459614
0.069438
0.364953
0.279230
0.345041
0.088564
0.448344
0.447787
0.983459
0.728847
0.552800
0.054258
0.784044
0.793575
0.488085
0.523320
0.485657
0.355136
0.137681
0.763308
0.102704
0.787402
0.204265
0.115689
0.225381
0.169873
0.945968
0.749301
0.112086
0.454650
0.154849
0.222842
0.131878
0.004717
0.588833
0.298868
0.014250
0.873160
0.016982
0.578606
0.496403
0.494950
0.156135
0.331558
0.794216
0.005922
0.885847
0.037802
0.597752
0.840975
0.940192
0.742545
0.256246
0.451638
0.641860
0.768730
0.487730
0.231705
0.409190
0.649226
0.357046
0.061220
0.614292
0.158222
0.710771
0.239533
0.674410
0.953237
0.551977
0.146452
0.934387
# Row 22
0.823690
0.561004
0.368715
0.251108
0.696799
0.715110
0.582227
0.167376
0.022122
0.590410
0.467251
0.999783
0.665939
0.819922
0.835237
0.040314
0.047731
0.473343
0.896954
0.752764
0.573025
0.974638
0.839680
0.341445
0.917968
0.005508
0.197224
0.280433
0.937153
0.594755
0.684479
0.356854
0.761872
0.969612
0.475079
0.932078
0.473353
0.464939
0.276734
0.531447
0.845236
0.835235
0.907367
0.498282
0.400180
0.193524
0.502538
0.393842
0.093819
0.777109
0.550590
0.584920
0.580141
0.095037
0.919016
0.168536
0.308868
0.293781
0.119656
0.063236
0.818572
0.849654
0.680368
0.913766
0.008418
0.787811
0.518893
0.966171
0.963914
0.383222
0.225901
0.469754
0.973419
0.828943
0.687021
0.537974
0.676016
0.287459
0.239483
0.979575
0.129429
0.463334
0.752299
0.012351
0.858948
0.757169
0.527544
0.253687
0.352657
0.854752
0.584951
0.093764
0.790940
0.459784
0.756690
0.789165
0.153403
0.747766
0.580979
0.047215
# Row 23
0.926471
0.972278
0.442201
0.826017
0.960409
0.728303
0.914826
0.763697
0.194122
0.421460
0.185122
0.425460
0.906445
0.023536
0.557930
0.161731
0.368745
0.745902
0.918357
0.188851
0.598428
0.630946
0.076003
0.809753
0.757574
0.561214
0.841107
0.900981
0.344633
0.895463
0.589957
0.709835
0.007331
0.955111
0.796214
0.077758
0.707075
0.263986
0.313713
0.770103
0.312996
0.664701
0.076394
0.125819
0.048892
0.838147
0.766718
0.611385
0.688794
0.995642
0.033049
0.580410
0.954569
0.519057
0.099765
0.003059
0.248072
0.531295
0.405287
0.677918
0.015090
0.991865
0.969861
0.403701
0.631159
0.149713
0.986989
0.340723
0.490628
0.533321
0.053117
0.794068
0.818887
0.117324
0.106188
0.504564
0.790142
0.642115
0.594284
0.233116
0.574372
0.060331
0.403725
0.602430
0.540236
0.789652
0.357329
0.342159
0.666760
0.428381
0.567113
0.934000
0.254910
0.167974
0.963538
0.227932
0.848058
0.659767
0.000698
0.595961
# Row 24
0.263356
0.171955
0.881938
0.192263
0.277755
0.633373
0.894688
0.626064
0.604663
0.494423
0.271426
0.944189
0.719869
0.149855
0.793291
0.022568
0.056351
0.135788
0.464778
0.929789
0.373166
0.122973
0.556165
0.340763
0.327897
0.333796
0.131814
0.825660
0.637674
0.881756
0.557560
0.639566
0.720892
0.404424
0.062289
0.203881
0.469257
0.485125
0.073998
0.653677
0.234289
0.751505
0.068681
0.869469
0.228908
0.232861
0.074022
0.200638
0.176144
0.850533
0.724826
0.395754
0.094524
0.620251
0.042486
0.997117
0.832559
0.841209
0.528461
0.938747
0.170333
0.828481
0.047056
0.255067
0.640011
0.473621
0.604026
0.498517
0.402776
0.468836
0.986049
0.655928
0.609033
0.544569
0.246676
0.413723
0.291503
0.705974
0.844417
0.559836
0.455208
0.633391
0.449235
0.024888
0.170313
0.074023
0.828630
0.596850
0.007684
0.900749
0.050930
0.122662
0.525218
0.268984
0.451423
0.108480
0.985962
0.949182
0.300053
0.009209
# Row 25
0.415469
0.951894
0.993788
0.260348
0.162423
0.260834
0.432254
0.744064
0.568241
0.129424
0.284328
0.030612
0.261101
0.525637
0.332011
0.420168
0.128826
0.992080
0.404989
0.693801
0.682443
0.252291
0.466873
0.121506
0.365563
0.184879
0.757422
0.866014
0.289331
0.414768
0.062415
0.550630
0.852352
0.361369
0.905643
0.654976
0.041370
0.528664
0.920388
0.182566
0.781500
0.529077
0.748378
0.967212
0.222472
0.474556
0.373392
0.200987
0.095770
0.132952
0.868403
0.564679
0.371025
0.589636
0.616443
0.403203
0.070891
0.043084
0.356397
0.034434
0.792432
0.034261
0.059167
0.722437
0.828417
0.613980
0.013276
0.437501
0.710568
0.206616
0.401870
0.009027
0.013699
0.764878
0.597656
0.036862
0.697717
0.026588
0.854603
0.236585
0.534894
0.594076
0.704054
0.169547
0.011802
0.239018
0.290378
0.354842
0.826275
0.384966
0.932614
0.024078
0.865231
0.496862
0.152030
0.597786
0.572775
0.987462
0.242617
0.812078
# Row 26
0.451430
0.876384
0.616786
0.173889
0.212577
0.465691
0.769692
0.581619
0.763173
0.649381
0.863404
0.914632
0.820657
0.591364
0.930631
0.709953
0.851030
0.591499
0.283861
0.638177
0.168633
0.231889
0.339869
0.934534
0.190801
0.841093
0.134821
0.696986
0.854841
0.933338
0.918169
0.633787
0.255547
0.339663
0.433766
0.421319
0.403503
0.030553
0.586715
0.952871
0.220836
0.182750
0.870413
0.944971
0.142917
0.430184
0.108791
0.284727
0.971072
0.789281
0.126168
0.205279
0.490056
0.807163
0.966398
0.562971
0.220310
0.657712
0.272670
0.746324
0.992536
0.331103
0.640612
0.800756
0.612685
0.618907
0.855026
0.322435
0.108817
0.196330
0.302196
0.318502
0.125612
0.918538
0.856207
0.198515
0.243655
0.167744
0.712891
0.143428
0.963163
0.165925
0.986095
0.474355
0.998168
0.074415
0.088047
0.135125
0.397539
0.171531
0.642016
0.722041
0.942530
0.683812
0.777670
0.493938
0.693309
0.961999
0.447178
0.718707
# Row 27
0.474205
0.671783
0.885663
0.442701
0.332106
0.809392
0.489219
0.081301
0.485737
0.466880
0.366000
0.037445
0.244701
0.940470
0.253159
0.165706
0.633506
0.592345
0.709742
0.258945
0.652928
0.702137
0.771385
0.679460
0.972515
0.755070
0.068272
0.764539
0.425640
0.350830
0.697834
0.075492
0.602105
0.338036
0.545809
0.938437
0.560928
0.306435
0.854397
0.943700
0.753695
0.141253
0.438202
0.168765
0.521066
0.665463
0.294595
0.297861
0.443952
0.185906
0.395223
0.600891
0.667161
0.003523
0.082948
0.867279
0.415507
0.147432
0.839988
0.969114
0.967244
0.013775
0.797979
0.245745
0.592140
0.515453
0.491868
0.492589
0.484548
0.325853
0.232657
0.024785
0.686549
0.891954
0.508172
0.236384
0.891977
0.928894
0.888120
0.843851
0.916175
0.933880
0.585074
0.784892
0.404274
0.982626
0.634863
0.627013
0.006182
0.322215
0.339747
0.552310
0.071151
0.442085
0.350137
0.143871
0.788584
0.796918
0.433287
0.563727
# Row 28
0.332667
0.844381
0.431115
0.431850
0.742657
0.735512
0.188032
0.080384
0.102375
0.810037
0.830485
0.547650
0.764119
0.972867
0.903027
0.013958
0.414299
0.296769
0.664394
0.577594
0.299236
0.560700
0.677842
0.677262
0.846507
0.410181
0.502307
0.829746
0.734865
0.947529
0.317664
0.052554
0.517128
0.623702
0.164097
0.655094
0.596594
0.623306
0.811499
0.423661
0.437842
0.589195
0.221808
0.400764
0.674514
0.617672
0.950543
0.914447
0.405436
0.330007
0.431814
0.585132
0.669789
0.366759
0.885205
0.203661
0.413752
0.499851
0.007692
0.502883
0.335091
0.370689
0.806981
0.445004
0.776356
0.563748
0.984932
0.117451
0.368067
0.752392
0.485302
0.211312
0.764544
0.211358
0.925689
0.278982
0.509422
0.298107
0.089687
0.102995
0.585765
0.048386
0.865091
0.017825
0.395807
0.810875
0.583974
0.513458
0.954337
0.628362
0.710200
0.906763
0.722610
0.640606
0.992109
0.927994
0.339328
0.184908
0.268529
0.259587
# Row 29
0.182856
0.067728
0.003887
0.047677
0.213715
0.003758
0.705101
0.239285
0.465815
0.812194
0.714270
0.976090
0.274473
0.234104
0.505349
0.786027
0.322565
0.315577
0.771336
0.684244
0.654967
0.080468
0.955727
0.643316
0.335607
0.601206
0.845597
0.977834
0.609073
0.739140
0.744728
0.660043
0.565790
0.455807
0.127400
0.231036
0.010663
0.147340
0.534070
0.976901
0.692181
0.395776
0.509286
0.222316
0.282629
0.598577
0.253118
0.667479
0.609137
0.382270
0.216652
0.510267
0.046377
0.544332
0.429228
0.897562
0.699720
0.531442
0.912744
0.921292
0.865712
0.449998
0.082444
0.690540
0.165753
0.129699
0.722955
0.885968
0.948313
0.402129
0.585129
0.942528
0.862164
0.108534
0.198615
0.557244
0.563481
0.274411
0.415362
0.417688
0.056915
0.759487
0.971865
0.871123
0.236637
0.651352
0.917563
0.072409
0.417701
0.877013
0.740950
0.969315
0.489016
0.381553
0.024578
0.206441
0.312723
0.705496
0.269182
0.693357
# Row 30
0.005279
0.586514
0.392559
0.619708
0.205231
0.036406
0.281022
0.180982
0.632285
0.186288
0.553284
0.165464
0.520165
0.552533
0.495183
0.948090
0.538994
0.519889
0.498127
0.833601
0.866100
0.048496
0.547349
0.223412
0.200503
0.436228
0.573721
0.772366
0.906838
0.470169
0.224051
0.718060
0.608468
0.310428
0.691409
0.462355
0.494379
0.810425
0.254427
0.458382
0.255669
0.800746
0.630919
0.593617
0.898610
0.774543
0.888054
0.788124
0.994237
0.802909
0.653258
0.064832
0.098978
0.785873
0.624724
0.154681
0.825070
0.981538
0.728632
0.922966
0.139498
0.340820
0.755986
0.834235
0.040216
0.462442
0.432292
0.992444
0.490862
0.941947
0.828461
0.321900
0.910524
0.754878
0.964506
0.404807
0.212046
0.838943
0.745413
0.715514
0.287602
0.739524
0.810432
0.233005
0.458662
0.589471
0.985703
0.055506
0.072146
0.605738
0.271504
0.958850
0.546492
0.015354
0.338253
0.248315
0.489952
0.950762
0.471976
0.557852
# Row 31
0.345959
0.474296
0.625305
0.897121
0.512427
0.863923
0.472636
0.572552
0.256987
0.493320
0.119215
0.091187
0.560198
0.710447
0.808232
0.663660
0.393520
0.717311
0.745233
0.963901
0.836385
0.502370
0.106001
0.777672
0.893167
0.814545
0.706635
0.619649
0.250397
0.198130
0.439739
0.250359
0.459768
0.450810
0.868800
0.850928
0.913600
0.007779
0.727193
0.877389
0.345345
0.694694
0.095244
0.919672
0.614978
0.797343
0.788107
0.226544
0.982771
0.248852
0.741340
0.560514
0.517885
0.983725
0.646089
0.240370
0.391616
0.715518
0.680383
0.278788
0.558293
0.890639
0.279518
0.483803
0.297029
0.699298
0.561856
0.962334
0.670394
0.396410
0.305062
0.228196
0.625140
0.926204
0.483214
0.803719
0.017225
0.846095
0.011903
0.931351
0.668333
0.715155
0.894171
0.538284
0.861941
0.623207
0.755636
0.572567
0.749906
0.076632
0.346450
0.043441
0.579661
0.480443
0.967836
0.732393
0.659989
0.432900
0.652122
0.415973
# Row 32
0.580307
0.714163
0.940630
0.268667
0.483237
0.455187
0.120135
0.746582
0.589586
0.533973
0.105181
0.933608
0.693688
0.795442
0.803309
0.944761
0.818328
0.526602
0.738805
0.301123
0.553332
0.553769
0.107009
0.132074
0.039597
0.942384
0.907507
0.929173
0.918284
0.167354
0.685953
0.318241
0.488532
0.642996
0.979063
0.768942
0.530120
0.032681
0.286980
0.301945
0.801620
0.940711
0.226318
0.450722
0.749793
0.580070
0.083377
0.997076
0.920117
0.232257
0.881215
0.225846
0.477706
0.708031
0.090250
0.675174
0.996589
0.284518
0.497124
0.024652
0.695863
0.454665
0.450652
0.936097
0.864042
0.264604
0.630361
0.302400
0.666696
0.534316
0.738613
0.571511
0.553895
0.123483
0.661380
0.088184
0.328015
0.899904
0.937926
0.869567
0.682020
0.740163
0.041898
0.926356
0.834675
0.804842
0.424458
0.324164
0.261372
0.312551
0.376331
0.205580
0.514936
0.933191
0.104991
0.158518
0.645195
0.841457
0.524204
0.707599
# Row 33
0.733126
0.042628
0.847015
0.550256
0.856600
0.195799
0.344788
0.075926
0.280093
0.222101
0.471591
0.954066
0.518267
0.169942
0.796022
0.304113
0.949069
0.304462
0.875370
0.457978
0.960316
0.148180
0.846873
0.273886
0.896961
0.194124
0.298020
0.680614
0.854881
0.476743
0.065569
0.835378
0.239695
0.870762
0.357780
0.319318
0.902701
0.410293
0.805757
0.914835
0.085143
0.612299
0.240541
0.092840
0.680015
0.547747
0.628412
0.659590
0.868287
0.543894
0.346820
0.487291
0.743339
0.001340
0.969429
0.685772
0.420657
0.964383
0.776148
0.410394
0.485196
0.153216
0.091135
0.081118
0.679704
0.027600
0.259898
0.586567
0.035619
0.745426
0.040520
0.933427
0.323683
0.263212
0.541208
0.284186
0.712286
0.222061
0.677833
0.804611
0.903705
0.110212
0.744659
0.756405
0.136358
0.696356
0.836223
0.750961
0.237044
0.105913
0.978516
0.598194
0.151645
0.650951
0.326463
0.202148
0.924401
0.624278
0.268819
0.074809
# Row 34
0.111445
0.496091
0.810330
0.254671
0.858697
0.089628
0.937289
0.360685
0.930440
0.408404
0.532074
0.709844
0.504119
0.405286
0.703958
0.542790
0.538263
0.452006
0.519423
0.492103
0.541527
0.931389
0.120639
0.188756
0.016883
0.844008
0.143967
0.920322
0.199940
0.722120
0.422795
0.257664
0.755687
0.368128
0.865249
0.672978
0.223722
0.889822
0.525041
0.140111
0.416179
0.362952
0.573796
0.187446
0.961223
0.901918
0.679493
0.654281
0.362432
0.415486
0.195313
0.664339
0.502998
0.336323
0.266345
0.895966
0.483975
0.875996
0.121655
0.809739
0.146368
0.121977
0.292507
0.943088
0.014538
0.576744
0.593711
0.941333
0.717977
0.573365
0.436849
0.548999
0.033074
0.685055
0.377175
0.108868
0.447115
0.591379
0.899514
0.123938
0.822767
0.450279
0.944251
0.435014
0.149978
0.247589
0.887976
0.500249
0.159206
0.714548
0.902662
0.969629
0.458654
0.594968
0.303968
0.204557
0.900692
0.448835
0.597873
0.968598
# Row 35
0.708516
0.955347
0.083077
0.218863
0.961637
0.248663
0.655316
0.657815
0.883832
0.122360
0.682785
0.502553
0.864271
0.677939
0.726412
0.223555
0.713786
0.888338
0.414890
0.868616
0.584399
0.584703
0.855551
0.982389
0.609734
0.054628
0.674716
0.159907
0.333675
0.029218
0.694740
0.426961
0.639411
0.617002
0.632203
0.055078
0.253911
0.262661
0.258454
0.118363
0.144920
0.131319
0.618919
0.248818
0.738152
0.273772
0.033300
0.201502
0.928740
0.359330
0.270226
0.197375
0.238787
0.781189
0.035411
0.656781
0.155600
0.170468
0.463278
0.097830
0.974719
0.190773
0.843080
0.269547
0.247971
0.332738
0.229232
0.278411
0.907602
0.960108
0.722936
0.698231
0.089033
0.264247
0.111985
0.717147
0.721452
0.016429
0.715055
0.952692
0.789390
0.036672
0.895967
0.977489
0.310401
0.359620
0.945725
0.056275
0.122415
0.922935
0.231926
0.452023
0.456159
0.748484
0.496115
0.658180
0.487992
0.563583
0.452393
0.439215
# Row 36
0.959734
0.416383
0.870980
0.887211
0.925565
0.389828
0.787400
0.243160
0.481220
0.091402
0.483535
0.793604
0.264783
0.285957
0.266268
0.182600
0.736993
0.206591
0.601020
0.312567
0.975658
0.599780
0.822701
0.122997
0.505369
0.077390
0.879991
0.801305
0.660033
0.517021
0.508114
0.904272
0.099840
0.996235
0.961221
0.850751
0.412313
0.504011
0.262097
0.826814
0.583208
0.648427
0.591176
0.253858
0.469758
0.992813
0.389082
0.179696
0.016495
0.988684
0.390308
0.724234
0.671302
0.733835
0.746732
0.647542
0.463222
0.734440
0.698032
0.202068
0.248729
0.273249
0.664280
0.316302
0.302683
0.929747
0.890035
0.358701
0.385168
0.825990
0.777985
0.913199
0.645095
0.612796
0.185639
0.216870
0.793269
0.409857
0.296052
0.862451
0.287003
0.480382
0.241291
0.640556
0.289027
0.482190
0.686826
0.715848
0.697085
0.584260
0.760781
0.816546
0.967133
0.477832
0.421775
0.526116
0.980510
0.517192
0.943643
0.749204
# Row 37
0.119844
0.585588
0.198680
0.770985
0.634255
0.250573
0.840237
0.220663
0.483748
0.820058
0.020692
0.507207
0.176294
0.770882
0.585368
0.630494
0.747455
0.946783
0.613348
0.536277
0.408343
0.928818
0.041811
0.622138
0.508090
0.100771
0.924301
0.497434
0.154830
0.462811
0.600998
0.427756
0.025628
0.002044
0.869517
0.968526
0.810040
0.987713
0.760141
0.418837
0.191490
0.516500
0.064853
0.851620
0.920880
0.849823
0.623404
0.436817
0.101427
0.936393
0.013372
0.547802
0.334463
0.141003
0.659323
0.096113
0.502638
0.761964
0.106476
0.684361
0.147736
0.837486
0.887457
0.401413
0.171175
0.954214
0.840857
0.447622
0.810609
0.983095
0.164367
0.701693
0.968075
0.598556
0.853459
0.895960
0.254580
0.071916
0.392295
0.215397
0.921300
0.670040
0.733121
0.980093
0.845571
0.302104
0.283529
0.104312
0.185448
0.123093
0.080225
0.381509
0.292743
0.170326
0.779226
0.348158
0.142320
0.842171
0.954656
0.694935
# Row 38
0.384279
0.955453
0.343548
0.477512
0.222818
0.084471
0.677535
0.927065
0.566641
0.000475
0.132303
0.559647
0.254287
0.921789
0.933688
0.761263
0.935581
0.343198
0.469811
0.700003
0.267289
0.845897
0.259438
0.546784
0.165174
0.169152
0.158592
0.721425
0.731932
0.140214
0.294328
0.511066
0.265409
0.764219
0.893487
0.613992
0.136254
0.840341
0.625511
0.264957
0.829373
0.129867
0.455181
0.810129
0.667820
0.106965
0.660032
0.273267
0.607841
0.190447
0.417659
0.332899
0.514527
0.616869
0.722916
0.596828
0.832061
0.569898
0.819937
0.389776
0.961791
0.141284
0.497888
0.877280
0.694818
0.244271
0.624483
0.039843
0.030650
0.825514
0.002805
0.232110
0.795328
0.986856
0.813074
0.149302
0.874947
0.809769
0.523266
0.454966
0.155315
0.414295
0.655400
0.968331
0.535652
0.738344
0.315601
0.675113
0.621588
0.614912
0.026529
0.311738
0.936505
0.392785
0.434370
0.419896
0.084732
0.794585
0.646450
0.506534
# Row 39
0.197548
0.154378
0.739696
0.845372
0.964003
0.110860
0.768204
0.981445
0.441758
0.252302
0.996211
0.752832
0.835298
0.882578
0.150696
0.616571
0.274844
0.786005
0.988083
0.892698
0.912062
0.660160
0.118095
0.745793
0.029452
0.323814
0.743535
0.972324
0.328263
0.220795
0.129810
0.010199
0.682349
0.474572
0.287469
0.730549
0.818078
0.413113
0.563333
0.097718
0.076847
0.205002
0.822248
0.419330
0.438660
0.917532
0.346835
0.772318
0.712560
0.832787
0.874387
0.041634
0.440413
0.411345
0.669182
0.495527
0.900752
0.563792
0.738851
0.734772
0.253419
0.331661
0.242169
0.373700
0.525911
0.161595
0.502846
0.759644
0.829182
0.414729
0.493012
0.126395
0.002803
0.838471
0.037438
0.658933
0.253619
0.456719
0.624792
0.264339
0.273160
0.739193
0.608046
0.281035
0.630233
0.288926
0.698290
0.689931
0.847279
0.452505
0.173763
0.531591
0.721645
0.789437
0.760774
0.488844
0.963196
0.829823
0.020695
0.910747
# Row 40
0.733192
0.863681
0.575607
0.768240
0.909728
0.016728
0.105932
0.121812
0.924051
0.717847
0.691084
0.015262
0.439560
0.010015
0.376452
0.295793
0.439333
0.422046
0.427788
0.598867
0.984691
0.241552
0.371235
0.666294
0.870894
0.714155
0.860753
0.718756
0.078935
0.659930
0.615028
0.850588
0.575068
0.230676
0.026105
0.317051
0.990794
0.531853
0.668655
0.245175
0.702327
0.867503
0.391392
0.211530
0.074919
0.717456
0.213488
0.427962
0.226844
0.771363
0.094621
0.983678
0.761505
0.487196
0.216585
0.874217
0.003234
0.541805
0.579131
0.960414
0.420331
0.042720
0.048267
0.739740
0.023208
0.583948
0.029712
0.965349
0.559823
0.780045
0.405281
0.942257
0.596682
0.193792
0.449975
0.383513
0.951356
0.990666
0.030445
0.280793
0.139844
0.880792
0.311784
0.482965
0.305192
0.134626
0.513589
0.872847
0.616980
0.636432
0.454637
0.867330
0.066793
0.039362
0.908806
0.760487
0.453344
0.342942
0.316217
0.395234
# Row 41
0.750908
0.379085
0.509474
0.138978
0.913116
0.282881
0.634862
0.895765
0.985698
0.571681
0.885215
0.295417
0.519513
0.758151
0.480584
0.533514
0.100314
0.793616
0.203875
0.009801
0.083363
0.156124
0.843281
0.732397
0.656698
0.158031
0.936842
0.867337
0.301967
0.410920
0.035146
0.154388
0.800054
0.227199
0.277430
0.658248
0.691827
0.699449
0.848823
0.347454
0.682259
0.937765
0.989769
0.800200
0.826829
0.384709
0.753688
0.326383
0.498678
0.705606
0.949593
0.508460
0.467726
0.672926
0.409719
0.530886
0.871188
0.946956
0.338498
0.260201
0.189281
0.186465
0.431699
0.317240
0.408861
0.503343
0.309681
0.951929
0.538172
0.671042
0.646124
0.382932
0.282651
0.490164
0.955914
0.032744
0.587781
0.353648
0.048945
0.298141
0.561539
0.902171
0.579372
0.811260
0.995251
0.046642
0.294398
0.623603
0.874993
0.903876
0.588213
0.080224
0.311690
0.953887
0.823462
0.931288
0.690229
0.108872
0.826196
0.180459
# Row 42
0.348162
0.276341
0.675064
0.412475
0.122627
0.309262
0.779335
0.634544
0.858128
0.137428
0.613990
0.657266
0.733817
0.054908
0.897548
0.520648
0.661222
0.052556
0.456486
0.620202
0.214294
0.201900
0.219432
0.828268
0.603813
0.152547
0.377903
0.748568
0.196100
0.050636
0.594749
0.140128
0.428490
0.637325
0.546290
0.743166
0.695954
0.976144
0.061911
0.118306
0.707678
0.484055
0.641634
0.445704
0.850357
0.516730
0.356688
0.437677
0.485816
0.263051
0.692570
0.902649
0.671607
0.731771
0.103561
0.006062
0.170039
0.025080
0.190654
0.742295
0.527233
0.265470
0.972583
0.538008
0.511083
0.615350
0.626893
0.619949
0.925314
0.960571
0.972322
0.807919
0.224106
0.442260
0.436028
0.635570
0.974217
0.054556
0.093381
0.198274
0.913423
0.683138
0.831153
0.308849
0.577705
0.960543
0.717209
0.479998
0.485603
0.144520
0.164564
0.908644
0.025000
0.386093
0.561341
0.114546
0.162195
0.511130
0.260292
0.676825
# Row 43
0.140248
0.075347
0.444927
0.751080
0.536298
0.515579
0.629617
0.761022
0.566983
0.773419
0.827319
0.007153
0.856502
0.639894
0.602922
0.476427
0.080571
0.106659
0.897715
0.067591
0.867198
0.320343
0.189544
0.853699
0.045228
0.948415
0.975291
0.113806
0.086025
0.268627
0.911890
0.298213
0.262113
0.497111
0.116934
0.104583
0.357226
0.445349
0.950870
0.585283
0.491124
0.731972
0.123655
0.969392
0.883965
0.425800
0.686795
0.346663
0.871379
0.131437
0.586952
0.846586
0.713119
0.383406
0.123184
0.665549
0.314058
0.540251
0.222822
0.601373
0.822866
0.682839
0.740517
0.390465
0.696090
0.853519
0.503839
0.492258
0.546364
0.122597
0.042789
0.302815
0.344366
0.749407
0.518647
0.519660
0.054096
0.195987
0.431759
0.328586
0.867506
0.046958
0.063412
0.686731
0.012935
0.349795
0.072158
0.571554
0.865845
0.391434
0.201226
0.129909
0.341787
0.111509
0.095656
0.063537
0.430203
0.876843
0.913158
0.835565
# Row 44
0.191618
0.128846
0.832204
0.776658
0.626113
0.903771
0.008577
0.449105
0.891992
0.619395
0.754477
0.623224
0.352581
0.040371
0.162573
0.504203
0.626698
0.463583
0.474410
0.880747
0.063088
0.905345
0.804762
0.252370
0.027850
0.190724
0.440441
0.722816
0.841392
0.123970
0.596433
0.156852
0.710804
0.405820
0.949849
0.310924
0.235883
0.221697
0.401955
0.029892
0.011549
0.783827
0.712690
0.208008
0.073561
0.914591
0.985550
0.738684
0.833676
0.618489
0.482115
0.711412
0.198382
0.631843
0.146002
0.382873
0.563849
0.054432
0.200447
0.071106
0.708593
0.262811
0.639522
0.855261
0.472648
0.554064
0.701213
0.458438
0.803788
0.059540
0.035004
0.737410
0.881967
0.854918
0.254387
0.981334
0.794834
0.345415
0.596025
0.553104
0.650622
0.658448
0.145425
0.003807
0.178418
0.181599
0.390450
0.505223
0.206589
0.557862
0.038256
0.520764
0.932871
0.425113
0.091168
0.955296
0.437318
0.260458
0.088185
0.363546
# Row 45
0.353037
0.675913
0.350428
0.070116
0.238796
0.989008
0.642767
0.567282
0.809364
0.455034
0.205453
0.256033
0.419574
0.057083
0.897003
0.318045
0.789997
0.581843
0.704455
0.229099
0.957692
0.004845
0.053805
0.515997
0.464569
0.125679
0.829853
0.828040
0.316490
0.354650
0.381464
0.140078
0.794475
0.495636
0.839453
0.967056
0.639503
0.999917
0.056973
0.280490
0.906857
0.201959
0.346561
0.446730
0.165184
0.476084
0.837325
0.917135
0.048086
0.573512
0.816396
0.693890
0.128936
0.879051
0.410511
0.265319
0.937493
0.247998
0.668928
0.885041
0.752946
0.994384
0.743761
0.784456
0.753151
0.565090
0.847165
0.323024
0.663579
0.279635
0.868615
0.751183
0.298965
0.087349
0.535119
0.382848
0.221580
0.702499
0.320771
0.635174
0.125904
0.349805
0.691149
0.820191
0.802121
0.079124
0.887190
0.384152
0.510136
0.596272
0.200032
0.744841
0.019697
0.479744
0.403784
0.123977
0.226918
0.698972
0.741108
0.101392
# Row 46
0.257173
0.472909
0.094070
0.710363
0.001516
0.677747
0.919995
0.070802
0.628760
0.464921
0.342500
0.030699
0.367032
0.236148
0.817841
0.408956
0.683475
0.157725
0.855739
0.947599
0.413917
0.513859
0.874783
0.372166
0.738645
0.196297
0.880993
0.300234
0.577062
0.818463
0.943186
0.544585
0.722262
0.405740
0.522565
0.435148
0.173781
0.444224
0.421488
0.578783
0.798514
0.628592
0.226102
0.325194
0.879568
0.811559
0.610881
0.588304
0.852582
0.064486
0.184615
0.453358
0.708467
0.068114
0.824758
0.689778
0.118770
0.187145
0.761150
0.287704
0.350971
0.980802
0.324827
0.982219
0.850340
0.767790
0.020039
0.354275
0.914767
0.417922
0.857953
0.072433
0.949881
0.269402
0.112025
0.626752
0.212296
0.971426
0.424268
0.107985
0.905845
0.892863
0.568089
0.194803
0.743940
0.301644
0.919747
0.162972
0.213853
0.853885
0.522637
0.947491
0.436819
0.600258
0.465439
0.736894
0.700655
0.048691
0.508788
0.313753
# Row 47
0.016544
0.162014
0.560693
0.073180
0.814134
0.126807
0.746802
0.938899
0.612902
0.431684
0.679192
0.981497
0.994484
0.130903
0.781279
0.544219
0.830349
0.049965
0.564299
0.856741
0.699727
0.286474
0.913568
0.116220
0.050299
0.360517
0.274149
0.627642
0.522967
0.228258
0.122893
0.002674
0.174602
0.560061
0.977140
0.439222
0.109300
0.935644
0.073035
0.454564
0.368211
0.174408
0.604904
0.975868
0.257057
0.915909
0.360966
0.646189
0.613945
0.825563
0.732535
0.465587
0.671063
0.721995
0.379670
0.230097
0.053375
0.318476
0.474810
0.571030
0.324836
0.720613
0.039426
0.039186
0.155242
0.920779
0.762319
0.569172
0.284207
0.136852
0.120181
0.635215
0.726461
0.334799
0.092874
0.449083
0.146521
0.793019
0.212196
0.021139
0.660621
0.268365
0.741254
0.815997
0.957678
0.632339
0.042956
0.984111
0.105070
0.699431
0.454306
0.779922
0.583448
0.072216
0.485436
0.216611
0.419994
0.899216
0.858589
0.328358
# Row 48
0.032065
0.467106
0.696109
0.575144
0.901602
0.029590
0.164231
0.035179
0.151816
0.477683
0.640655
0.579047
0.746346
0.662619
0.261318
0.341567
0.460390
0.940788
0.731171
0.526408
0.144285
0.883687
0.974126
0.059898
0.601967
0.913796
0.420725
0.409730
0.707069
0.734324
0.063664
0.197780
0.073578
0.927353
0.379438
0.150917
0.659636
0.626847
0.550478
0.676983
0.413989
0.122057
0.310832
0.543294
0.354630
0.020170
0.067311
0.030791
0.006388
0.867500
0.558026
0.687809
0.704649
0.084566
0.245226
0.703326
0.010420
0.666194
0.396392
0.641217
0.069842
0.302952
0.586924
0.145722
0.709587
0.630252
0.312658
0.455969
0.986978
0.957187
0.887495
0.506523
0.736840
0.585293
0.629960
0.784683
0.881029
0.230154
0.025488
0.347497
0.224146
0.903910
0.554207
0.746491
0.561401
0.217819
0.866168
0.481090
0.911116
0.500112
0.089171
0.808234
0.872365
0.490234
0.093993
0.722020
0.643244
0.026525
0.296038
0.020365
# Row 49
0.340853
0.966389
0.022819
0.073076
0.492107
0.207741
0.057737
0.065608
0.044667
0.775090
0.820001
0.623949
0.937856
0.416030
0.849170
0.227821
0.210298
0.462450
0.124543
0.231980
0.168588
0.049761
0.011540
0.569179
0.241916
0.376387
0.739616
0.874988
0.571714
0.010212
0.682302
0.315711
0.981727
0.309427
0.936210
0.418889
0.919180
0.589054
0.841834
0.694386
0.006802
0.513383
0.917407
0.426594
0.581406
0.376655
0.903715
0.239350
0.678565
0.012943
0.161676
0.549730
0.344078
0.380428
0.897618
0.890591
0.478567
0.739919
0.688798
0.991000
0.047418
0.402832
0.572102
0.045224
0.887764
0.385892
0.773489
0.502548
0.319341
0.870205
0.679176
0.089734
0.696417
0.028230
0.269459
0.394477
0.131878
0.726482
0.293341
0.840957
0.167866
0.522897
0.500607
0.067720
0.774542
0.709937
0.264843
0.754216
0.921803
0.377232
0.626242
0.656725
0.108796
0.316450
0.810256
0.718960
0.751316
0.316836
0.493670
0.470002
# Row 50
0.644544
0.019399
0.803013
0.755414
0.842841
0.042936
0.254173
0.050306
0.062581
0.864126
0.542383
0.950156
0.029309
0.740065
0.437359
0.841328
0.296195
0.384022
0.651425
0.524218
0.774151
0.738649
0.754054
0.644025
0.180607
0.895653
0.282784
0.014194
0.557446
0.363014
0.629361
0.273250
0.980719
0.621908
0.995763
0.165025
0.215405
0.402629
0.355183
0.084168
0.815620
0.765051
0.508933
0.282554
0.570487
0.832802
0.795486
0.327944
0.112581
0.605608
0.029588
0.474560
0.381855
0.380828
0.777741
0.617499
0.743760
0.938426
0.014711
0.420956
0.244480
0.284531
0.660455
0.136675
0.425612
0.673794
0.027647
0.056962
0.570129
0.122394
0.079372
0.609916
0.293987
0.229402
0.820535
0.827469
0.194544
0.907916
0.543900
0.464633
0.307177
0.417995
0.894587
0.976528
0.472576
0.735595
0.380480
0.064695
0.274676
0.895945
0.568658
0.672733
0.946593
0.141900
0.501098
0.371044
0.861155
0.879551
0.021094
0.639516
# Row 51
0.803437
0.001799
0.612788
0.894197
0.873190
0.758741
0.860669
0.358703
0.371276
0.219927
0.777980
0.343463
0.500530
0.441945
0.529511
0.846424
0.850127
0.695183
0.685675
0.948970
0.954179
0.751262
0.244217
0.462312
0.318422
0.038505
0.599938
0.035157
0.120362
0.953650
0.240936
0.206145
0.812907
0.305834
0.714838
0.058144
0.432414
0.561700
0.806012
0.480469
0.940261
0.571736
0.563964
0.984481
0.151920
0.866684
0.945865
0.353406
0.046233
0.513868
0.207793
0.585011
0.645921
0.276909
0.578099
0.942790
0.441715
0.304466
0.153659
0.945156
0.048767
0.425987
0.810380
0.660895
0.565050
0.012261
0.350766
0.251725
0.905206
0.188525
0.214480
0.708477
0.246023
0.406692
0.146624
0.706352
0.005562
0.194807
0.999934
0.387487
0.429330
0.526019
0.791482
0.237003
0.644340
0.171403
0.645070
0.513739
0.814006
0.621917
0.933792
0.531489
0.960383
0.451241
0.852760
0.453973
0.870120
0.125360
0.562410
0.800745
# Row 52
0.849700
0.294542
0.664055
0.086177
0.605223
0.092072
0.020211
0.594650
0.181330
0.241082
0.184925
0.287692
0.270389
0.180555
0.038969
0.939472
0.692140
0.574652
0.659665
0.392524
0.919329
0.591687
0.226811
0.043530
0.988200
0.122137
0.559077
0.427485
0.363956
0.556090
0.077243
0.826503
0.538368
0.032513
0.942389
0.836156
0.605888
0.893963
0.362699
0.567805
0.410019
0.885168
0.598898
0.830367
0.265773
0.891802
0.725738
0.040760
0.767317
0.462282
0.378686
0.470778
0.880953
0.241385
0.387503
0.601854
0.829204
0.786614
0.681312
0.071324
0.196856
0.068649
0.155692
0.838113
0.067300
0.573915
0.287191
0.546690
0.738662
0.143557
0.333295
0.540710
0.913138
0.078242
0.588467
0.877651
0.017130
0.206763
0.704497
0.969180
0.139702
0.418851
0.804479
0.956036
0.696158
0.974893
0.505632
0.598175
0.383943
0.868903
0.951524
0.689217
0.929484
0.793449
0.176740
0.797472
0.985025
0.259112
0.177396
0.393455
# Row 53
0.860097
0.094841
0.733239
0.185981
0.427230
0.603522
0.568294
0.186096
0.968308
0.788787
0.797413
0.721807
0.197042
0.289986
0.688993
0.298522
0.553036
0.463270
0.685871
0.942928
0.790607
0.694506
0.926733
0.974926
0.135799
0.806486
0.461809
0.156886
0.940852
0.876439
0.175112
0.896397
0.987972
0.973705
0.529880
0.792875
0.872727
0.090703
0.516356
0.875451
0.299309
0.717653
0.176642
0.575940
0.540615
0.213417
0.338618
0.903093
0.729325
0.977051
0.441023
0.660520
0.353653
0.819084
0.759573
0.498608
0.213029
0.275130
0.836925
0.369361
0.852750
0.570194
0.318355
0.711749
0.928639
0.718451
0.744038
0.723860
0.167334
0.784299
0.644996
0.057599
0.277274
0.606054
0.733130
0.523213
0.850371
0.528920
0.219810
0.126342
0.573277
0.659966
0.698522
0.332231
0.866952
0.361255
0.394742
0.603330
0.898667
0.670305
0.433164
0.371538
0.094754
0.877529
0.564557
0.959215
0.236407
0.911702
0.200643
0.968852
# Row 54
0.683946
0.565892
0.747759
0.125644
0.564492
0.032485
0.933699
0.926362
0.019604
0.067163
0.865488
0.058854
0.066549
0.244055
0.920214
0.886767
0.831472
0.839290
0.691219
0.211737
0.994499
0.545093
0.225376
0.539295
0.203907
0.394258
0.784863
0.584302
0.004956
0.403732
0.642659
0.297093
0.853096
0.730282
0.721997
0.203169
0.983448
0.790548
0.666420
0.898653
0.059159
0.317467
0.582226
0.592619
0.469138
0.706193
0.835416
0.238480
0.067493
0.011720
0.970271
0.042885
0.797665
0.379727
0.809198
0.615992
0.606730
0.569559
0.809201
0.255811
0.990777
0.127187
0.708284
0.506697
0.409934
0.015549
0.767275
0.253636
0.238899
0.454651
0.574252
0.905962
0.271171
0.974462
0.458210
0.273601
0.546337
0.366020
0.287268
0.273236
0.221349
0.221852
0.489238
0.739221
0.738753
0.993004
0.916336
0.113391
0.865224
0.129594
0.022141
0.298488
0.568647
0.603225
0.271440
0.271852
0.785735
0.387018
0.759537
0.349947
# Row 55
0.096982
0.762120
0.376983
0.091511
0.192328
0.363657
0.171991
0.439466
0.877724
0.925281
0.692352
0.681941
0.666703
0.746187
0.341098
0.403721
0.726922
0.020098
0.168145
0.685213
0.942402
0.630026
0.009530
0.160827
0.019138
0.639050
0.645533
0.087665
0.143940
0.075133
0.301070
0.604168
0.521353
0.311717
0.681431
0.823264
0.806675
0.245914
0.102005
0.142460
0.748184
0.948567
0.613598
0.141724
0.300359
0.646743
0.279816
0.047193
0.702055
0.956778
0.567472
0.973364
0.987358
0.637448
0.755913
0.918027
0.648153
0.716863
0.150504
0.812685
0.560734
0.367234
0.946239
0.257394
0.266357
0.078562
0.779945
0.963976
0.527938
0.500828
0.236891
0.357453
0.120968
0.285463
0.946477
0.344778
0.732593
0.627289
0.971476
0.445720
0.893945
0.270034
0.228794
0.426813
0.139859
0.039716
0.892730
0.310112
0.238493
0.574214
0.543156
0.309060
0.850143
0.653241
0.103007
0.429790
0.427226
0.245463
0.937171
0.363901
# Row 56
0.451394
0.189013
0.386573
0.975129
0.192767
0.934110
0.218465
0.374852
0.372027
0.393484
0.171185
0.908278
0.288513
0.075111
0.846631
0.593125
0.854474
0.985186
0.497296
0.815201
0.333460
0.475760
0.810765
0.680366
0.533671
0.225249
0.110240
0.030769
0.447320
0.850650
0.665114
0.076152
0.375257
0.493293
0.194136
0.080339
0.030835
0.846161
0.501796
0.931407
0.905028
0.016918
0.325772
0.454493
0.801056
0.878950
0.402242
0.382653
0.244229
0.950864
0.942566
0.257942
0.852485
0.676430
0.827967
0.607085
0.454470
0.331019
0.990782
0.329340
0.082381
0.751919
0.486469
0.794720
0.091603
0.038804
0.448477
0.015608
0.792135
0.173151
0.439493
0.901419
0.669642
0.803065
0.102253
0.902568
0.656526
0.890027
0.608602
0.805384
0.943805
0.439456
0.297676
0.453090
0.538792
0.575998
0.376937
0.279744
0.536032
0.981389
0.380325
0.684606
0.821837
0.407180
0.686241
0.015151
0.446830
0.091998
0.197740
0.729796
# Row 57
0.024515
0.454276
0.884678
0.778846
0.424054
0.163139
0.342093
0.367358
0.476843
0.394609
0.593657
0.680443
0.992248
0.805324
0.779267
0.384253
0.739093
0.065060
0.030834
0.429701
0.185420
0.011578
0.132053
0.936420
0.267120
0.971409
0.551643
0.417876
0.671638
0.138554
0.163529
0.911921
0.549915
0.245566
0.653171
0.431750
0.009584
0.989856
0.941237
0.668603
0.575232
0.699410
0.321868
0.818252
0.235231
0.709354
0.753593
0.417790
0.015307
0.562419
0.400541
0.957600
0.841032
0.896403
0.097062
0.956193
0.967032
0.210010
0.600275
0.974199
0.480552
0.340195
0.955906
0.410134
0.429614
0.690479
0.889362
0.717069
0.408213
0.037104
0.155926
0.149319
0.957603
0.140654
0.254030
0.175345
0.746830
0.702726
0.789407
0.051862
0.088324
0.243872
0.244682
0.659471
0.164883
0.819406
0.580576
0.857869
0.210127
0.728584
0.296587
0.274942
0.440969
0.370413
0.589168
0.435847
0.511497
0.531891
0.545367
0.443053
# Row 58
0.694640
0.803520
0.834297
0.404342
0.530950
0.659547
0.745370
0.481842
0.770845
0.439590
0.261627
0.700646
0.613788
0.962412
0.942915
0.550493
0.379438
0.495875
0.973929
0.369044
0.274136
0.019097
0.756621
0.581740
0.111737
0.129098
0.798407
0.053028
0.059357
0.065497
0.473467
0.179353
0.382867
0.419968
0.073763
0.419035
0.018789
0.444152
0.681936
0.841574
0.681640
0.018648
0.005789
0.013698
0.289916
0.359826
0.832511
0.286412
0.248959
0.249785
0.062338
0.862246
0.632416
0.822465
0.941033
0.101005
0.451270
0.836076
0.656846
0.452640
0.964233
0.534617
0.631829
0.414766
0.667325
0.040930
0.804170
0.618143
0.083626
0.137669
0.855259
0.804870
0.464525
0.953646
0.523276
0.230477
0.797346
0.669704
0.908217
0.182615
0.205391
0.844636
0.508452
0.546377
0.617433
0.307536
0.836399
0.980531
0.995188
0.003551
0.993968
0.512247
0.037775
0.466406
0.903502
0.562636
0.058516
0.239799
0.796741
0.324806
# Row 59
0.156453
0.113128
0.575295
0.413998
0.215660
0.272771
0.237329
0.070024
0.071023
0.711861
0.385394
0.330854
0.118779
0.568202
0.011686
0.318301
0.041275
0.566482
0.124804
0.528769
0.303492
0.787452
0.114410
0.140765
0.887636
0.449475
0.028701
0.313911
0.913203
0.908080
0.598800
0.129737
0.473279
0.314483
0.021657
0.721259
0.161501
0.246948
0.299843
0.655800
0.404108
0.578147
0.626439
0.313641
0.212218
0.071184
0.643334
0.774594
0.273200
0.926599
0.841704
0.156749
0.177268
0.217692
0.317652
0.908379
0.874907
0.852915
0.150369
0.837861
0.359119
0.158497
0.894271
0.670543
0.818692
0.164110
0.833121
0.279743
0.697764
0.247052
0.448937
0.975670
0.883920
0.509688
0.930490
0.016282
0.621327
0.459767
0.857465
0.883453
0.274209
0.578510
0.522078
0.542659
0.144926
0.807325
0.718482
0.461614
0.653570
0.986726
0.473022
0.330443
0.114209
0.732003
0.789971
0.321210
0.476448
0.036719
0.435416
0.106737
# Row 60
0.947931
0.230023
0.417314
0.377059
0.659916
0.465508
0.686409
0.036581
0.098262
0.142092
0.677594
0.816753
0.088658
0.020776
0.334858
0.519089
0.717968
0.040616
0.868240
0.223558
0.791993
0.203658
0.534873
0.410334
0.700413
0.408703
0.527671
0.291745
0.887095
0.799663
0.607291
0.619791
0.341284
0.353883
0.391398
0.597252
0.543692
0.882578
0.389049
0.192193
0.360257
0.928622
0.559146
0.442269
0.292891
0.820913
0.705639
0.182919
0.916284
0.240017
0.676848
0.879243
0.976448
0.442451
0.593239
0.862606
0.551966
0.922678
0.121944
0.637971
0.512632
0.919664
0.784872
0.045440
0.710467
0.221666
0.021247
0.828853
0.441023
0.127258
0.018803
0.625633
0.582696
0.886425
0.427691
0.976047
0.900916
0.192814
0.927672
0.727870
0.562983
0.312040
0.135616
0.146187
0.296667
0.712485
0.623231
0.230072
0.518238
0.880718
0.423799
0.681479
0.408187
0.635931
0.604292
0.800584
0.408584
0.254253
0.481259
0.320404
# Row 61
0.115931
0.138151
0.284425
0.006947
0.536717
0.447358
0.392963
0.294937
0.227102
0.890579
0.261138
0.499714
0.848758
0.872054
0.340836
0.330089
0.113425
0.019837
0.429716
0.752279
0.261105
0.184954
0.110084
0.339737
0.000741
0.699702
0.182606
0.346517
0.945825
0.692106
0.081648
0.012157
0.786786
0.760361
0.229150
0.334032
0.871346
0.270155
0.638663
0.409279
0.205914
0.918751
0.020703
0.774131
0.665774
0.247966
0.318148
0.165673
0.008155
0.234746
0.372578
0.152157
0.046850
0.459412
0.098686
0.866355
0.574872
0.180175
0.636987
0.015624
0.645626
0.725919
0.930710
0.707002
0.054433
0.271161
0.700077
0.830619
0.040166
0.356430
0.988042
0.595746
0.668678
0.558959
0.151353
0.757234
0.211098
0.862830
0.147698
0.442703
0.314597
0.400473
0.205238
0.770332
0.432591
0.980456
0.889497
0.501506
0.965538
0.836856
0.342201
0.310724
0.820358
0.256167
0.147861
0.276554
0.662362
0.597063
0.180843
0.441904
# Row 62
0.372512
0.920573
0.645260
0.690342
0.077371
0.212963
0.792512
0.308738
0.359647
0.496345
0.890070
0.917142
0.732471
0.983585
0.526476
0.547085
0.347249
0.611145
0.331171
0.532501
0.957884
0.558311
0.426368
0.177076
0.966547
0.781564
0.127466
0.402393
0.588892
0.722294
0.487580
0.427847
0.789198
0.513568
0.612537
0.041560
0.215455
0.562110
0.330443
0.887795
0.306681
0.925271
0.812999
0.007474
0.523193
0.565629
0.345519
0.351976
0.067037
0.239500
0.313660
0.264530
0.894087
0.367322
0.004999
0.747035
0.479626
0.916432
0.353443
0.352461
0.971404
0.788683
0.828144
0.554114
0.662784
0.900703
0.283074
0.623690
0.335728
0.543196
0.438922
0.221481
0.979816
0.442744
0.418870
0.776178
0.787610
0.476226
0.260421
0.161119
0.585492
0.220672
0.886529
0.401542
0.987228
0.492451
0.653317
0.057369
0.388221
0.036964
0.264650
0.292618
0.362593
0.386948
0.724635
0.380687
0.322358
0.193195
0.709761
0.810294
# Row 63
0.265217
0.640730
0.608207
0.195938
0.720578
0.756499
0.772992
0.696358
0.325774
0.867555
0.749714
0.582115
0.878026
0.323013
0.303056
0.337298
0.842196
0.006011
0.616860
0.239233
0.607963
0.556410
0.671054
0.633352
0.818757
0.539396
0.299192
0.148122
0.702867
0.733718
0.049670
0.307821
0.967096
0.995610
0.662274
0.470177
0.735478
0.766004
0.632664
0.703538
0.578744
0.730263
0.077351
0.226641
0.561019
0.678065
0.490109
0.856572
0.683624
0.528442
0.260361
0.680796
0.214836
0.329151
0.220678
0.911643
0.320113
0.874026
0.423073
0.761467
0.638965
0.235838
0.684319
0.749394
0.059638
0.830199
0.764344
0.312532
0.816629
0.718494
0.877006
0.032600
0.152423
0.350763
0.310922
0.430695
0.445434
0.234440
0.443807
0.746509
0.790860
0.499091
0.254917
0.662523
0.238053
0.683698
0.417336
0.707987
0.023150
0.490032
0.229012
0.371833
0.303401
0.677352
0.515727
0.448746
0.792199
0.689814
0.410687
0.159774
# Row 64
0.831882
0.243911
0.737588
0.339888
0.423419
0.709950
0.953156
0.822501
0.484972
0.215622
0.050963
0.818139
0.639959
0.513403
0.003431
0.965119
0.472463
0.584578
0.689139
0.098579
0.845010
0.014726
0.486864
0.055630
0.289933
0.447541
0.938242
0.814311
0.978228
0.000616
0.912708
0.398878
0.484509
0.768760
0.329828
0.610464
0.726944
0.323318
0.686698
0.238060
0.618748
0.081662
0.836304
0.838050
0.252715
0.226518
0.804340
0.950123
0.810493
0.423144
0.007795
0.142641
0.879897
0.351855
0.342523
0.091446
0.840778
0.248316
0.986160
0.923475
0.385319
0.443909
0.867314
0.871450
0.842399
0.808857
0.985176
0.350523
0.626745
0.022488
0.732180
0.484372
0.008512
0.494785
0.135479
0.870213
0.252723
0.323267
0.253621
0.613166
0.593621
0.937280
0.558678
0.904917
0.147523
0.621329
0.920127
0.334594
0.718589
0.249284
0.157117
0.756978
0.082279
0.646843
0.115566
0.600807
0.136801
0.640992
0.884082
0.564959
# Row 65
0.767058
0.178131
0.319557
0.450300
0.170386
0.788908
0.193842
0.527969
0.128472
0.054584
0.385085
0.109874
0.483372
0.760014
0.961688
0.513323
0.173584
0.790358
0.287544
0.189308
0.222964
0.996710
0.411263
0.593483
0.243244
0.689525
0.689602
0.241714
0.330591
0.853501
0.489742
0.020097
0.806601
0.864315
0.772736
0.065100
0.501144
0.443051
0.691018
0.636166
0.203463
0.840317
0.048944
0.254438
0.351856
0.097043
0.542882
0.751748
0.902265
0.495988
0.285135
0.678600
0.851493
0.576392
0.846224
0.064286
0.908811
0.928538
0.247857
0.752782
0.956067
0.275733
0.282620
0.291567
0.934595
0.464242
0.707483
0.604603
0.699017
0.058671
0.191252
0.803457
0.813371
0.438450
0.028661
0.490834
0.691832
0.033154
0.156900
0.688013
0.440774
0.559050
0.717803
0.111767
0.105322
0.530438
0.547835
0.368196
0.204211
0.636860
0.498549
0.791511
0.722284
0.786438
0.295765
0.097349
0.468820
0.217398
0.842609
0.845055
# Row 66
0.579034
0.340887
0.019541
0.404750
0.190223
0.180727
0.396090
0.836704
0.046303
0.967564
0.060158
0.836991
0.135918
0.689515
0.410323
0.849563
0.939263
0.027952
0.116664
0.146562
0.514514
0.960197
0.111452
0.332003
0.391914
0.501045
0.950895
0.415964
0.035693
0.208111
0.924439
0.564610
0.782885
0.583622
0.063537
0.473820
0.553623
0.774688
0.604881
0.299887
0.957646
0.678154
0.334832
0.358878
0.482695
0.883248
0.625947
0.667020
0.356426
0.789624
0.370313
0.518462
0.116853
0.689717
0.617958
0.005319
0.427637
0.837861
0.695272
0.889828
0.832390
0.295515
0.264565
0.892484
0.883330
0.158644
0.001246
0.006071
0.908992
0.172102
0.822185
0.267611
0.936264
0.514619
0.363620
0.792623
0.364931
0.010175
0.348299
0.213926
0.647389
0.266227
0.721497
0.776045
0.769698
0.351194
0.799407
0.662503
0.908069
0.963168
0.939351
0.013755
0.470990
0.484912
0.390873
0.005761
0.383125
0.508521
0.454499
0.171459
# Row 67
0.052854
0.003818
0.998623
0.368339
0.948784
0.220514
0.855283
0.824509
0.127938
0.093859
0.926545
0.072966
0.773890
0.571022
0.731911
0.240029
0.759143
0.110550
0.063703
0.660254
0.213213
0.115226
0.795218
0.608622
0.904650
0.240552
0.311860
0.673860
0.108485
0.143472
0.568201
0.937569
0.285146
0.081012
0.176548
0.306276
0.925771
0.884221
0.920970
0.591900
0.983212
0.782470
0.583848
0.915509
0.397059
0.666067
0.341871
0.775361
0.902236
0.995818
0.310221
0.369256
0.979448
0.307187
0.115803
0.080192
0.935821
0.239813
0.894224
0.150652
0.497083
0.142135
0.515375
0.602845
0.328554
0.462849
0.536586
0.168522
0.788985
0.518804
0.701328
0.022137
0.245153
0.511177
0.289100
0.255060
0.050179
0.302434
0.275745
0.467022
0.007338
0.935496
0.782979
0.405170
0.824047
0.908912
0.334874
0.963083
0.806481
0.068787
0.853745
0.914238
0.280573
0.656233
0.427971
0.739988
0.954897
0.590539
0.682450
0.704895
# Row 68
0.498162
0.770790
0.044381
0.706589
0.899825
0.855932
0.491941
0.298363
0.955974
0.214328
0.123155
0.956002
0.291508
0.113314
0.412101
0.082273
0.339224
0.607696
0.607820
0.249907
0.370413
0.359274
0.859435
0.754382
0.061643
0.919150
0.253471
0.049494
0.818519
0.987817
0.664050
0.080395
0.617328
0.257834
0.734206
0.809867
0.005742
0.578669
0.221053
0.394161
0.988436
0.067121
0.595971
0.935418
0.254928
0.139414
0.143562
0.589762
0.855718
0.247893
0.753204
0.005554
0.347505
0.867180
0.250979
0.707600
0.285611
0.258415
0.037260
0.623361
0.996737
0.027810
0.238869
0.600341
0.900647
0.035314
0.770378
0.514190
0.426686
0.863909
0.045743
0.579617
0.279174
0.659281
0.461074
0.306801
0.512349
0.537921
0.757210
0.390706
0.475901
0.049459
0.495108
0.766636
0.160083
0.992329
0.869454
0.339907
0.106539
0.612085
0.130793
0.118945
0.737297
0.266325
0.871633
0.908146
0.397798
0.691812
0.198203
0.498904
# Row 69
0.396557
0.246763
0.400796
0.724384
0.968301
0.878219
0.648915
0.496526
0.081578
0.050932
0.673071
0.343665
0.876422
0.705392
0.506251
0.226093
0.851278
0.239665
0.501329
0.877214
0.647883
0.049046
0.825535
0.342979
0.912882
0.841536
0.972251
0.155767
0.578883
0.573515
0.989726
0.955165
0.416256
0.732355
0.774622
0.772337
0.599851
0.910031
0.037841
0.432410
0.628992
0.258909
0.245933
0.046950
0.380381
0.858079
0.751893
0.702945
0.585426
0.121880
0.435748
0.683392
0.157678
0.793207
0.912681
0.745739
0.682635
0.440080
0.872046
0.646793
0.978864
0.637513
0.475530
0.635774
0.982594
0.606637
0.260675
0.580955
0.661728
0.203153
0.414209
0.680458
0.172077
0.017476
0.048219
0.905558
0.799036
0.454554
0.634519
0.897207
0.230489
0.003433
0.635087
0.585980
0.558252
0.251611
0.668664
0.325375
0.860721
0.329556
0.038264
0.452207
0.861538
0.434011
0.827307
0.440166
0.649239
0.438621
0.972156
0.858369
# Row 70
0.770179
0.685925
0.108287
0.241774
0.739013
0.210622
0.641130
0.420744
0.543037
0.480658
0.439303
0.429958
0.522520
0.385983
0.018807
0.549561
0.890465
0.546445
0.766439
0.442392
0.491922
0.957435
0.026858
0.498786
0.403040
0.717439
0.091212
0.034558
0.919688
0.774010
0.820000
0.698058
0.998809
0.738050
0.805921
0.509613
0.485277
0.320315
0.334077
0.202265
0.503195
0.574106
0.580356
0.668568
0.312150
0.135227
0.360570
0.196785
0.152490
0.050960
0.612548
0.044292
0.134256
0.616372
0.673562
0.630176
0.894870
0.186479
0.272005
0.007256
0.472275
0.020241
0.154139
0.211200
0.852123
0.415973
0.035998
0.886610
0.767281
0.312516
0.432394
0.203272
0.200781
0.016463
0.147752
0.337081
0.393113
0.149141
0.298653
0.677051
0.033116
0.429301
0.609971
0.800371
0.348635
0.675925
0.023244
0.140608
0.466464
0.852987
0.967965
0.059113
0.217208
0.022929
0.768052
0.756689
0.383595
0.432154
0.833686
0.562146
# Row 71
0.673046
0.339601
0.473327
0.677857
0.707357
0.604021
0.255338
0.411750
0.412795
0.967629
0.959631
0.382850
0.039591
0.680229
0.846753
0.646667
0.895550
0.880687
0.497536
0.281277
0.827288
0.539826
0.056590
0.729144
0.685638
0.833723
0.766592
0.268799
0.958271
0.388257
0.079447
0.949883
0.509898
0.759195
0.950311
0.361264
0.834136
0.897588
0.689323
0.801734
0.364822
0.823586
0.695348
0.013758
0.519984
0.684769
0.710415
0.241075
0.138787
0.214809
0.800751
0.239377
0.528463
0.007608
0.931082
0.155301
0.250756
0.169562
0.797093
0.182508
0.159910
0.762238
0.013845
0.285449
0.749207
0.969403
0.025522
0.372749
0.090877
0.351181
0.357649
0.314947
0.163674
0.635349
0.433168
0.488088
0.080094
0.757748
0.928144
0.828605
0.156175
0.832949
0.064076
0.089793
0.243928
0.210342
0.787601
0.370402
0.680927
0.063339
0.143767
0.456478
0.342644
0.149347
0.428124
0.884282
0.928145
0.560455
0.730717
0.341100
# Row 72
0.914306
0.819622
0.040148
0.409069
0.801330
0.440575
0.139503
0.202197
0.894876
0.703247
0.532769
0.016808
0.057368
0.557607
0.728052
0.219447
0.571125
0.179979
0.463315
0.633215
0.524855
0.205979
0.185370
0.193691
0.327180
0.257023
0.030574
0.559628
0.008487
0.282751
0.156346
0.252811
0.666074
0.945046
0.939468
0.227706
0.585950
0.771511
0.896630
0.137450
0.414405
0.873959
0.254514
0.961352
0.008652
0.442885
0.663328
0.724300
0.851222
0.039875
0.325224
0.294700
0.828768
0.479910
0.716160
0.359739
0.741524
0.153714
0.488672
0.700697
0.692431
0.331318
0.128956
0.522911
0.900244
0.922309
0.532794
0.421707
0.962578
0.471677
0.092783
0.314845
0.964374
0.734450
0.838533
0.461755
0.464792
0.904639
0.029704
0.279012
0.508868
0.647156
0.709761
0.699407
0.685651
0.183951
0.630127
0.098776
0.506246
0.271585
0.647013
0.510976
0.195461
0.446670
0.876867
0.788458
0.400306
0.143311
0.224345
0.255648
# Row 73
0.415890
0.453949
0.225526
0.097281
0.741114
0.428329
0.788224
0.467277
0.107901
0.917044
0.373450
0.979259
0.411469
0.363987
0.413183
0.622028
0.116500
0.449601
0.468513
0.147123
0.964269
0.663146
0.421016
0.906695
0.976233
0.332074
0.184137
0.924678
0.485728
0.220214
0.298646
0.499455
0.954961
0.900059
0.818415
0.839499
0.701156
0.849324
0.034333
0.492963
0.993346
0.775565
0.462907
0.656703
0.748012
0.457750
0.732738
0.739110
0.783607
0.348733
0.330607
0.844524
0.155190
0.011776
0.866408
0.575452
0.923497
0.887225
0.532799
0.783763
0.088035
0.887577
0.674592
0.605200
0.680068
0.401490
0.950931
0.385667
0.845317
0.716263
0.029828
0.445848
0.402683
0.926333
0.362372
0.166622
0.927404
0.630124
0.558614
0.635922
0.035880
0.192702
0.647826
0.243069
0.734136
0.896161
0.924501
0.694996
0.500047
0.758321
0.733391
0.156335
0.096423
0.283387
0.960286
0.669039
0.931525
0.541781
0.901700
0.914626
# Row 74
0.397318
0.151962
0.770561
0.361313
0.903627
0.361925
0.244261
0.148194
0.996351
0.175081
0.016673
0.848472
0.786194
0.522852
0.321069
0.813762
0.035149
0.808634
0.343236
0.812160
0.343704
0.704556
0.543756
0.455550
0.472900
0.109009
0.308661
0.678318
0.520551
0.420244
0.404995
0.632790
0.376938
0.266020
0.241711
0.549603
0.117047
0.083558
0.439555
0.757435
0.076768
0.265776
0.161957
0.440694
0.720772
0.292428
0.721364
0.250758
0.779101
0.427420
0.274021
0.381954
0.825329
0.281002
0.776132
0.623872
0.636961
0.168027
0.573881
0.543826
0.542161
0.617078
0.020516
0.814709
0.067691
0.241517
0.790004
0.652497
0.690996
0.129676
0.226525
0.872800
0.322717
0.870349
0.222985
0.616775
0.340594
0.739901
0.053786
0.873241
0.926143
0.642796
0.044341
0.466818
0.063871
0.337918
0.392514
0.762498
0.619789
0.784005
0.268526
0.417213
0.270100
0.099896
0.116453
0.691278
0.879044
0.425625
0.921720
0.110133
# Row 75
0.981774
0.670961
0.857743
0.273435
0.896880
0.796640
0.896828
0.868655
0.334845
0.453696
0.584662
0.124970
0.172680
0.837143
0.606154
0.096025
0.898441
0.836444
0.088311
0.983436
0.488001
0.597145
0.821560
0.793555
0.633800
0.571655
0.965828
0.685609
0.103160
0.924116
0.026477
0.537997
0.942019
0.671732
0.325371
0.290083
0.466557
0.365795
0.194964
0.158667
0.786387
0.128324
0.232058
0.671481
0.592888
0.918917
0.160066
0.785244
0.317421
0.480720
0.864267
0.984246
0.536906
0.239856
0.637070
0.899082
0.777367
0.759993
0.456127
0.496558
0.066172
0.199785
0.526797
0.514056
0.715826
0.617763
0.364729
0.428656
0.719206
0.214791
0.339913
0.637345
0.709266
0.511925
0.019539
0.594933
0.924747
0.610520
0.455291
0.716254
0.844599
0.666398
0.086677
0.845430
0.753310
0.391229
0.453802
0.864060
0.200609
0.147973
0.912196
0.529907
0.173991
0.174773
0.953457
0.276061
0.440911
0.810503
0.196148
0.466449
# Row 76
0.397501
0.727863
0.212658
0.396385
0.418251
0.045209
0.893220
0.186628
0.000621
0.490079
0.265386
0.076825
0.382348
0.245565
0.535882
0.550488
0.047843
0.710415
0.505463
0.180829
0.982085
0.646232
0.532440
0.177204
0.352645
0.336801
0.446612
0.828993
0.757786
0.727699
0.505105
0.521027
0.353931
0.596838
0.850842
0.756757
0.230400
0.691816
0.402097
0.837174
0.822357
0.287130
0.539774
0.060742
0.011816
0.608077
0.943034
0.728618
0.756823
0.148911
0.981816
0.946999
0.584188
0.706539
0.938282
0.442260
0.383146
0.349305
0.182713
0.962677
0.525985
0.950433
0.160634
0.591751
0.124929
0.010371
0.497753
0.591984
0.998659
0.460070
0.741649
0.524306
0.780920
0.932208
0.731041
0.027997
0.250168
0.579289
0.515161
0.120083
0.913649
0.141755
0.290549
0.393796
0.740265
0.376752
0.336921
0.415295
0.630894
0.665484
0.227195
0.679544
0.247307
0.156558
0.172025
0.073976
0.524527
0.972094
0.702078
0.186564
# Row 77
0.977498
0.116147
0.660737
0.398371
0.520562
0.860350
0.798025
0.325129
0.264845
0.634198
0.948497
0.264225
0.789721
0.177623
0.619927
0.199578
0.923760
0.797194
0.797358
0.094753
0.669604
0.646246
0.312946
0.532553
0.696096
0.680543
0.383797
0.745892
0.757548
0.247666
0.968456
0.129561
0.520569
0.588645
0.731770
0.965462
0.947520
0.068489
0.384671
0.265723
0.544862
0.927996
0.430099
0.910147
0.204902
0.247837
0.302226
0.088487
0.899394
0.638421
0.139712
0.056760
0.299776
0.682069
0.044569
0.373268
0.256555
0.139724
0.408961
0.728031
0.552325
0.440735
0.458796
0.743345
0.110400
0.564561
0.484163
0.368208
0.883239
0.426772
0.674681
0.771067
0.529131
0.643018
0.127750
0.650038
0.107499
0.674271
0.477951
0.214279
0.856373
0.980405
0.937814
0.472248
0.461683
0.818759
0.028412
0.010091
0.467085
0.626964
0.300553
0.915425
0.812956
0.697796
0.244382
0.547487
0.220122
0.776678
0.901067
0.264225
# Row 78
0.862140
0.743774
0.421942
0.170964
0.691822
0.152105
0.668136
0.275163
0.923781
0.816174
0.560830
0.829295
0.623628
0.133124
0.135079
0.971732
0.542898
0.387126
0.428385
0.276655
0.271658
0.969713
0.461461
0.382421
0.291084
0.541968
0.608765
0.257815
0.507225
0.482353
0.779389
0.802220
0.573903
0.085617
0.656726
0.664700
0.584749
0.498372
0.103308
0.354507
0.177033
0.155891
0.003589
0.738590
0.467090
0.898550
0.773666
0.857740
0.580356
0.136552
0.447562
0.010366
0.478224
0.555482
0.292522
0.260155
0.777216
0.335669
0.901428
0.820625
0.839341
0.633712
0.453088
0.195753
0.450297
0.849004
0.567687
0.942164
0.336795
0.691380
0.865423
0.536077
0.876130
0.263493
0.864517
0.039228
0.968989
0.774055
0.336914
0.164902
0.856936
0.372479
0.235553
0.441107
0.924145
0.223713
0.078906
0.586679
0.311563
0.872196
0.442236
0.982047
0.652068
0.239259
0.379751
0.394651
0.896529
0.088148
0.059623
0.465135
# Row 79
0.110356
0.319717
0.209769
0.070852
0.173655
0.140317
0.674801
0.644723
0.489189
0.597210
0.205063
0.067701
0.392580
0.597791
0.721671
0.490099
0.848664
0.724071
0.614785
0.629742
0.914424
0.596219
0.976666
0.892565
0.138818
0.416878
0.090455
0.354086
0.667132
0.595618
0.487034
0.908717
0.014830
0.979978
0.646072
0.059403
0.793536
0.441402
0.106648
0.094640
0.708556
0.132004
0.724250
0.135866
0.829951
0.158115
0.873872
0.478911
0.972399
0.241123
0.066270
0.182239
0.336090
0.953176
0.181820
0.246701
0.772697
0.638250
0.002907
0.401302
0.886376
0.237083
0.063448
0.262927
0.977129
0.022166
0.858077
0.921156
0.728222
0.076845
0.942191
0.149350
0.754352
0.096457
0.388796
0.937439
0.214607
0.391015
0.883474
0.748637
0.783878
0.485439
0.572647
0.330300
0.326283
0.367571
0.723218
0.457844
0.660417
0.664679
0.597869
0.200000
0.213224
0.039969
0.446540
0.094450
0.069223
0.111481
0.611419
0.586321
# Row 80
0.705392
0.692051
0.843169
0.669949
0.407665
0.131648
0.636764
0.489481
0.169717
0.779102
0.775668
0.689217
0.533097
0.851091
0.085876
0.194046
0.923132
0.350188
0.362373
0.368250
0.228244
0.674315
0.458856
0.812382
0.650802
0.536013
0.999023
0.468545
0.792718
0.106531
0.149774
0.910472
0.924185
0.526896
0.421393
0.283323
0.892867
0.212143
0.758805
0.056448
0.965308
0.607048
0.945797
0.678928
0.432109
0.139561
0.948388
0.140999
0.261669
0.234202
0.615144
0.994178
0.739967
0.080787
0.675123
0.358852
0.500416
0.857737
0.225324
0.031100
0.820462
0.753938
0.579282
0.811784
0.560973
0.153797
0.109995
0.332373
0.749105
0.997836
0.420285
0.796213
0.982036
0.622503
0.121426
0.434015
0.562655
0.350054
0.709152
0.972148
0.401867
0.040200
0.460878
0.806207
0.146907
0.543251
0.107933
0.775363
0.960089
0.088812
0.884046
0.750858
0.695185
0.699358
0.741265
0.630926
0.544659
0.594681
0.335450
0.611403
# Row 81
0.283820
0.627188
0.296688
0.753755
0.069495
0.200918
0.250189
0.268497
0.990810
0.036221
0.678027
0.580669
0.676202
0.970109
0.602321
0.044685
0.769955
0.667827
0.020103
0.168438
0.867633
0.368344
0.276200
0.821785
0.985170
0.314904
0.073215
0.213613
0.101505
0.316870
0.490392
0.386650
0.108307
0.451882
0.322305
0.702491
0.299058
0.514284
0.813418
0.764111
0.588677
0.729280
0.718395
0.583306
0.056752
0.030028
0.776327
0.570352
0.313638
0.900457
0.568829
0.267828
0.088259
0.249053
0.209229
0.225606
0.396953
0.842971
0.958069
0.215812
0.569497
0.607864
0.207198
0.201987
0.255290
0.212874
0.052205
0.333277
0.611240
0.203764
0.065555
0.350425
0.063096
0.927552
0.778075
0.424400
0.041821
0.281969
0.615329
0.750111
0.712222
0.111164
0.661802
0.476842
0.046703
0.809368
0.136808
0.454487
0.345055
0.356478
0.061767
0.131604
0.982233
0.829035
0.432363
0.969767
0.378546
0.157856
0.637483
0.291057
# Row 82
0.857606
0.056238
0.699341
0.295103
0.691399
0.152399
0.658521
0.452588
0.562097
0.224502
0.559606
0.877956
0.307842
0.369717
0.676591
0.020324
0.903898
0.019422
0.974425
0.893880
0.478750
0.035506
0.159082
0.543701
0.922354
0.048226
0.801651
0.846834
0.534545
0.600126
0.913792
0.559170
0.737195
0.184755
0.436791
0.604323
0.264184
0.570571
0.522295
0.470142
0.406346
0.802307
0.320329
0.631060
0.860663
0.412700
0.543322
0.690289
0.878173
0.860956
0.090749
0.365523
0.665853
0.260345
0.947743
0.096626
0.144494
0.551256
0.816027
0.395686
0.046132
0.418864
0.103156
0.691317
0.127490
0.212889
0.045947
0.333358
0.735131
0.682952
0.638828
0.254977
0.666630
0.544632
0.393378
0.061011
0.891074
0.301993
0.690630
0.689215
0.210976
0.701130
0.974767
0.330595
0.933554
0.020953
0.350830
0.692537
0.467766
0.732331
0.318378
0.530792
0.948237
0.000808
0.629063
0.391181
0.309910
0.963003
0.283414
0.807309
# Row 83
0.077841
0.579723
0.868460
0.555308
0.703058
0.332658
0.123953
0.620218
0.853914
0.774655
0.354889
0.070993
0.277138
0.420239
0.078718
0.253026
0.866271
0.142811
0.807458
0.409724
0.437784
0.863361
0.771003
0.750071
0.515610
0.123347
0.544843
0.939698
0.589834
0.148416
0.262678
0.251991
0.849708
0.261923
0.384755
0.056968
0.128073
0.295768
0.821961
0.723455
0.644730
0.784213
0.752734
0.279531
0.339664
0.793332
0.336794
0.622969
0.960541
0.829195
0.051732
0.643742
0.258210
0.242187
0.833894
0.151522
0.372598
0.279010
0.075322
0.969998
0.811159
0.569478
0.748199
0.334985
0.962829
0.529417
0.135110
0.823378
0.310262
0.336728
0.428182
0.344580
0.938057
0.733360
0.616853
0.285013
0.449053
0.625746
0.859634
0.140419
0.436937
0.019845
0.879997
0.971221
0.491833
0.219706
0.743794
0.735014
0.684948
0.941366
0.771759
0.089990
0.265389
0.313556
0.875296
0.116837
0.161931
0.935279
0.539633
0.708174
# Row 84
0.897707
0.785767
0.231218
0.148397
0.857746
0.898058
0.595071
0.817820
0.987157
0.142536
0.304589
0.558998
0.009024
0.066047
0.406354
0.236316
0.031183
0.605913
0.994037
0.489229
0.933636
0.272334
0.780068
0.852607
0.495255
0.458918
0.795805
0.912416
0.709349
0.306566
0.928310
0.240496
0.860859
0.683566
0.135227
0.657679
0.479306
0.543045
0.012702
0.200100
0.355558
0.131818
0.421777
0.689891
0.109340
0.222117
0.306471
0.359820
0.838671
0.954839
0.815169
0.763763
0.770739
0.770889
0.722315
0.573707
0.492862
0.782529
0.749520
0.562430
0.777013
0.331513
0.216450
0.482922
0.554947
0.193157
0.978432
0.955347
0.664291
0.228754
0.498198
0.275001
0.308494
0.342018
0.275910
0.065937
0.072407
0.453294
0.549668
0.370937
0.956268
0.228402
0.956350
0.426385
0.457328
0.363187
0.691504
0.497635
0.792373
0.971750
0.061415
0.615100
0.045488
0.713125
0.318409
0.362073
0.301918
0.640721
0.402417
0.421806
# Row 85
0.726709
0.809630
0.972065
0.933554
0.430296
0.633022
0.643916
0.765878
0.774781
0.060037
0.119279
0.161703
0.284702
0.339163
0.267543
0.305447
0.383395
0.434084
0.859633
0.810432
0.957226
0.839944
0.564653
0.917981
0.010026
0.389178
0.799604
0.971860
0.991909
0.685299
0.772198
0.007438
0.431465
0.623860
0.499071
0.739217
0.257378
0.381238
0.088323
0.898768
0.232124
0.618730
0.221309
0.464068
0.632205
0.071984
0.582470
0.417457
0.169817
0.300070
0.199044
0.000709
0.961871
0.045995
0.949364
0.119952
0.493664
0.318631
0.266796
0.349393
0.204246
0.117408
0.647080
0.540245
0.824840
0.374510
0.503725
0.150071
0.544736
0.638564
0.206446
0.248533
0.653313
0.738793
0.481359
0.549634
0.532771
0.884601
0.402366
0.479802
0.852339
0.623605
0.817048
0.068172
0.968051
0.817718
0.537219
0.583352
0.867344
0.334432
0.996665
0.223553
0.347981
0.786555
0.302296
0.568658
0.396991
0.202058
0.849049
0.838680
# Row 86
0.176997
0.545255
0.555334
0.578686
0.451584
0.136198
0.629837
0.152051
0.333962
0.087093
0.880504
0.208634
0.647606
0.268863
0.403824
0.079804
0.995606
0.179191
0.981773
0.206277
0.477070
0.562743
0.302659
0.236207
0.321955
0.157673
0.801422
0.239494
0.076494
0.448348
0.278622
0.609596
0.223988
0.496706
0.752518
0.097207
0.712691
0.523393
0.175452
0.112063
0.054236
0.900262
0.607502
0.901901
0.801204
0.098883
0.293619
0.573708
0.987815
0.181986
0.394597
0.655033
0.778091
0.908568
0.140129
0.136090
0.194395
0.996446
0.119581
0.711073
0.556911
0.611938
0.721906
0.414530
0.640843
0.564136
0.252524
0.581569
0.620121
0.815630
0.566987
0.245217
0.509806
0.892925
0.697416
0.807551
0.017755
0.214120
0.639205
0.310597
0.771260
0.640303
0.397184
0.506745
0.676121
0.107781
0.449742
0.445340
0.402039
0.683556
0.817417
0.601492
0.455387
0.994862
0.962862
0.965175
0.112632
0.669177
0.299175
0.663926
# Row 87
0.337314
0.153702
0.343356
0.932223
0.211037
0.298101
0.674609
0.776876
0.973025
0.132414
0.199638
0.872948
0.410231
0.870018
0.598648
0.802120
0.575584
0.845565
0.739177
0.098684
0.968797
0.657823
0.765863
0.972053
0.803285
0.540793
0.171835
0.443684
0.543533
0.012374
0.553677
0.776457
0.846936
0.243083
0.771935
0.931978
0.528369
0.708110
0.661408
0.703020
0.408076
0.410352
0.241284
0.611813
0.455656
0.931634
0.999190
0.508371
0.634898
0.441260
0.403103
0.555290
0.243937
0.488258
0.421681
0.345848
0.368844
0.364616
0.800729
0.810808
0.690528
0.255588
0.898480
0.256864
0.247170
0.509481
0.475185
0.917235
0.627770
0.648584
0.366529
0.244647
0.305438
0.206049
0.052135
0.441278
0.588564
0.877134
0.819355
0.392290
0.728780
0.599615
0.281435
0.883270
0.659813
0.075025
0.153790
0.261501
0.311880
0.473405
0.341458
0.211685
0.441630
0.958303
0.916921
0.114029
0.005043
0.570783
0.545549
0.232938
# Row 88
0.675724
0.531371
0.374303
0.334753
0.647326
0.283321
0.569401
0.980585
0.158081
0.500746
0.255068
0.803489
0.617594
0.728439
0.955873
0.316834
0.009108
0.479300
0.120365
0.862065
0.670501
0.178806
0.447686
0.979295
0.238646
0.767847
0.548653
0.953824
0.666785
0.525426
0.648630
0.377208
0.813751
0.486357
0.234664
0.974649
0.255874
0.957281
0.620386
0.543910
0.113952
0.093614
0.658449
0.867780
0.823719
0.322671
0.284726
0.786111
0.741626
0.882046
0.196731
0.019078
0.179872
0.700831
0.919834
0.735557
0.144463
0.863509
0.420852
0.565079
0.525214
0.557157
0.614653
0.704987
0.402453
0.572188
0.853930
0.813088
0.215407
0.481325
0.276645
0.477797
0.833604
0.702369
0.644413
0.590731
0.714959
0.914848
0.676012
0.919621
0.780600
0.171690
0.454028
0.491770
0.922995
0.463052
0.053387
0.090095
0.054878
0.154572
0.355203
0.665708
0.744164
0.356209
0.018209
0.854341
0.035095
0.865902
0.686363
0.010558
# Row 89
0.376750
0.375537
0.821422
0.346242
0.343727
0.391615
0.623048
0.371360
0.294973
0.091982
0.598838
0.019398
0.358542
0.660701
0.688659
0.621431
0.313536
0.579200
0.850465
0.436654
0.554945
0.732245
0.550672
0.308990
0.439926
0.856879
0.246279
0.395409
0.820716
0.931464
0.226504
0.888721
0.443556
0.196491
0.830367
0.463443
0.436399
0.010315
0.257773
0.426000
0.200746
0.078839
0.833068
0.508782
0.372619
0.431088
0.502525
0.060936
0.910664
0.031184
0.594685
0.347173
0.919864
0.075506
0.942058
0.450003
0.219739
0.791514
0.554535
0.202025
0.436776
0.167209
0.302301
0.865017
0.140673
0.248466
0.865538
0.274200
0.179734
0.962085
0.349284
0.622311
0.407086
0.387633
0.957269
0.352851
0.759561
0.808786
0.434033
0.039418
0.565944
0.038495
0.289305
0.063514
0.760397
0.510847
0.234322
0.172217
0.677302
0.560904
0.611929
0.045978
0.451323
0.532190
0.669009
0.172423
0.964543
0.736061
0.282682
0.081973
# Row 90
0.323063
0.479396
0.645276
0.223451
0.138155
0.034116
0.574935
0.951527
0.390101
0.466968
0.639891
0.662111
0.402239
0.119035
0.458639
0.586851
0.812812
0.425929
0.112702
0.074248
0.345316
0.921079
0.033563
0.913943
0.414705
0.151434
0.403869
0.864363
0.015627
0.858225
0.651797
0.624596
0.096651
0.901677
0.075942
0.042404
0.486026
0.820083
0.778996
0.005321
0.982947
0.658244
0.627683
0.745335
0.124660
0.341342
0.812768
0.864709
0.373366
0.737144
0.128610
0.316757
0.605063
0.986512
0.401832
0.547061
0.220803
0.300104
0.601581
0.604779
0.412867
0.343683
0.290979
0.997648
0.905937
0.457332
0.915267
0.506464
0.236280
0.182278
0.354609
0.853749
0.538283
0.075783
0.539221
0.686646
0.163540
0.268226
0.275520
0.575664
0.877313
0.111076
0.761305
0.829517
0.053013
0.049732
0.275858
0.703175
0.237799
0.266566
0.870547
0.743354
0.790174
0.927774
0.413542
0.425478
0.420313
0.049660
0.368087
0.131874
# Row 91
0.400624
0.107707
0.220226
0.786392
0.790802
0.843329
0.484688
0.870141
0.149436
0.091807
0.875737
0.011697
0.122446
0.439877
0.155352
0.178628
0.824466
0.717341
0.689199
0.641724
0.708476
0.594362
0.129895
0.175901
0.374950
0.270698
0.388430
0.379889
0.556427
0.546673
0.082941
0.908621
0.956552
0.615358
0.606948
0.826623
0.182271
0.134129
0.427552
0.106918
0.220172
0.459960
0.001822
0.558206
0.637168
0.070545
0.033857
0.593893
0.374215
0.862434
0.635844
0.331295
0.920049
0.203091
0.207295
0.489895
0.148644
0.817160
0.613901
0.546478
0.856027
0.074838
0.090699
0.095394
0.294024
0.304330
0.476157
0.487982
0.853629
0.918769
0.120266
0.610690
0.659904
0.494174
0.519568
0.271673
0.693098
0.288109
0.287495
0.656348
0.214255
0.893432
0.044484
0.879827
0.643523
0.888196
0.737541
0.895168
0.589333
0.097431
0.504498
0.138631
0.758324
0.816706
0.668973
0.924685
0.869188
0.468362
0.675430
0.003210
# Row 92
0.156612
0.341910
0.590749
0.008561
0.370221
0.498805
0.253268
0.054986
0.462205
0.552719
0.739300
0.145946
0.108512
0.839314
0.741069
0.687475
0.342590
0.699655
0.861930
0.439764
0.496337
0.969807
0.091296
0.059171
0.266897
0.812462
0.632308
0.718059
0.565125
0.276772
0.332735
0.525943
0.184911
0.227934
0.679650
0.886952
0.673275
0.861744
0.330103
0.930421
0.818472
0.990642
0.585258
0.549406
0.224605
0.751263
0.899643
0.822129
0.652053
0.699581
0.228411
0.010941
0.396869
0.304480
0.735440
0.409672
0.511123
0.265372
0.548155
0.911573
0.259632
0.521806
0.988907
0.805057
0.824863
0.215499
0.128387
0.372688
0.946946
0.646487
0.887817
0.910276
0.284098
0.639172
0.010662
0.728206
0.742647
0.920710
0.481459
0.117588
0.625776
0.598728
0.792515
0.621339
0.034711
0.608809
0.454950
0.847419
0.702141
0.851141
0.378625
0.491356
0.100029
0.432383
0.968410
0.831668
0.825673
0.020995
0.717975
0.249239
# Row 93
0.592033
0.375616
0.645671
0.965166
0.620223
0.945430
0.482261
0.246744
0.421065
0.413792
0.162385
0.494391
0.254179
0.771900
0.919080
0.480297
0.440924
0.094003
0.364822
0.290029
0.983345
0.531179
0.048024
0.339337
0.985003
0.054258
0.488369
0.958798
0.389164
0.330907
0.958630
0.108120
0.831480
0.505679
0.838674
0.589967
0.562190
0.019088
0.216187
0.860645
0.619462
0.422209
0.248576
0.003306
0.751246
0.152271
0.284736
0.350327
0.086585
0.683211
0.730396
0.467727
0.675413
0.369763
0.436172
0.989143
0.753482
0.696582
0.005897
0.993685
0.779060
0.823089
0.830158
0.035438
0.841631
0.093483
0.015103
0.467425
0.199337
0.138990
0.321658
0.665231
0.278504
0.930495
0.080439
0.091473
0.111083
0.504606
0.081191
0.688751
0.617565
0.461010
0.134021
0.823282
0.415858
0.855118
0.297498
0.292136
0.580540
0.944875
0.303694
0.762758
0.449803
0.816941
0.073120
0.333612
0.715519
0.153788
0.197297
0.729415
# Row 94
0.499314
0.013676
0.120472
0.404148
0.356841
0.199685
0.424875
0.591205
0.433994
0.577395
0.019286
0.074486
0.671326
0.064309
0.254985
0.259593
0.693122
0.224400
0.605920
0.493624
0.080327
0.740400
0.813932
0.649264
0.194899
0.052488
0.530785
0.778232
0.758184
0.208415
0.905736
0.315859
0.476946
0.295822
0.142271
0.438141
0.225059
0.567402
0.355804
0.931441
0.522091
0.633886
0.633837
0.419988
0.275761
0.514650
0.762737
0.234934
0.275194
0.292577
0.825508
0.219215
0.616046
0.025945
0.680415
0.603553
0.814793
0.098374
0.041856
0.910082
0.614022
0.526747
0.546403
0.931298
0.507610
0.850579
0.295597
0.873995
0.516660
0.064337
0.122966
0.071864
0.244442
0.862029
0.389252
0.468356
0.330052
0.991928
0.823390
0.705859
0.032756
0.285231
0.606920
0.871331
0.316941
0.458014
0.059030
0.126018
0.804278
0.888755
0.383989
0.862326
0.726166
0.557653
0.661422
0.099124
0.285153
0.277819
0.714721
0.353626
# Row 95
0.936078
0.347142
0.509011
0.659664
0.171739
0.163326
0.085941
0.075584
0.667575
0.049500
0.719497
0.417757
0.656872
0.175252
0.409630
0.935882
0.302335
0.685420
0.156470
0.722692
0.559437
0.889104
0.768077
0.222833
0.627902
0.052802
0.542980
0.813463
0.924345
0.188292
0.782259
0.003332
0.523725
0.447729
0.174866
0.908968
0.980509
0.820584
0.067492
0.777980
0.200822
0.770718
0.083120
0.043066
0.771196
0.023450
0.549932
0.699091
0.612685
0.694289
0.507243
0.333501
0.604111
0.390916
0.383334
0.431678
0.566108
0.381395
0.710533
0.288722
0.707849
0.733682
0.827564
0.043197
0.878065
0.838975
0.493382
0.702918
0.126846
0.544577
0.728643
0.144734
0.648363
0.366855
0.242166
0.667146
0.938718
0.823063
0.174721
0.874482
0.347678
0.719462
0.988963
0.233176
0.335902
0.435324
0.493145
0.213783
0.956729
0.536299
0.751288
0.306781
0.977739
0.890575
0.000903
0.556653
0.834724
0.316831
0.371263
0.418410
# Row 96
0.289682
0.399614
0.824022
0.415639
0.343835
0.716443
0.180023
0.121801
0.063042
0.348182
0.661064
0.640013
0.511349
0.222317
0.075917
0.904815
0.791708
0.865619
0.581702
0.546724
0.172286
0.331585
0.023972
0.661854
0.671535
0.998333
0.823418
0.920199
0.102627
0.198839
0.559282
0.973487
0.083584
0.108013
0.077681
0.923981
0.626964
0.346018
0.608454
0.666467
0.684186
0.506070
0.941547
0.585377
0.064244
0.434979
0.830922
0.386106
0.932786
0.008678
0.051428
0.663689
0.161414
0.291478
0.725876
0.202997
0.002779
0.050868
0.912857
0.393272
0.357169
0.339055
0.950767
0.597390
0.541084
0.233482
0.593397
0.804570
0.316620
0.352266
0.653795
0.517050
0.668930
0.693398
0.255401
0.069455
0.682596
0.970955
0.135452
0.588207
0.949349
0.485298
0.971170
0.591600
0.400425
0.730705
0.823182
0.974273
0.786140
0.242332
0.385102
0.368285
0.290418
0.459380
0.368382
0.823264
0.864546
0.743403
0.565771
0.486940
# Row 97
0.765899
0.765585
0.656420
0.722416
0.795676
0.656382
0.825418
0.487921
0.724549
0.002161
0.658057
0.087277
0.084691
0.649432
0.375184
0.724378
0.676915
0.526260
0.344580
0.952581
0.907044
0.266703
0.431464
0.780803
0.118343
0.297295
0.339175
0.203520
0.947549
0.450026
0.792094
0.473697
0.999239
0.855041
0.583491
0.888551
0.733854
0.354828
0.960638
0.951009
0.903406
0.502365
0.061057
0.888671
0.478850
0.156340
0.612896
0.931377
0.205389
0.080562
0.538150
0.883130
0.435845
0.871288
0.571768
0.179896
0.045085
0.070000
0.357917
0.247854
0.165820
0.830569
0.484997
0.904027
0.431566
0.874741
0.554988
0.250363
0.917854
0.330078
0.084824
0.871434
0.167904
0.057026
0.945517
0.663784
0.531792
0.159636
0.249443
0.700967
0.574926
0.976033
0.391539
0.712580
0.886520
0.164120
0.083215
0.958633
0.184243
0.754967
0.138722
0.083923
0.937686
0.726220
0.885894
0.402358
0.669475
0.751602
0.983026
0.591147
# Row 98
0.815487
0.076874
0.190714
0.962471
0.289527
0.739553
0.034508
0.959553
0.286137
0.637249
0.017001
0.819279
0.028875
0.821074
0.015415
0.119831
0.119900
0.175274
0.105029
0.244738
0.437211
0.686890
0.354940
0.340674
0.554058
0.420052
0.179187
0.712181
0.894435
0.214540
0.824446
0.509706
0.090978
0.919115
0.220061
0.146185
0.656851
0.553953
0.094647
0.880622
0.329408
0.346287
0.316888
0.084097
0.576575
0.787447
0.390198
0.644473
0.391427
0.172079
0.918880
0.951403
0.828528
0.971048
0.367343
0.754335
0.777954
0.593838
0.207268
0.615028
0.328033
0.865050
0.446691
0.535130
0.162497
0.889528
0.869444
0.871823
0.776914
0.943906
0.095911
0.744150
0.715815
0.906807
0.772452
0.553916
0.437114
0.339066
0.976080
0.912887
0.043447
0.228242
0.905096
0.488254
0.798267
0.213071
0.440582
0.997055
0.713545
0.663777
0.486296
0.634597
0.279243
0.689203
0.606960
0.589225
0.654211
0.113244
0.321870
0.344360
# Row 99
0.983620
0.868224
0.109748
0.207290
0.407570
0.514493
0.332740
0.832151
0.315117
0.652197
0.686317
0.462014
0.342033
0.546876
0.674644
0.632480
0.951460
0.065113
0.947932
0.228208
0.444733
0.995122
0.022756
0.026049
0.273731
0.511044
0.044652
0.296603
0.242873
0.195280
0.404152
0.163203
0.853177
0.942735
0.445452
0.367311
0.735735
0.782240
0.426945
0.886506
0.008562
0.227054
0.723815
0.660765
0.958338
0.037437
0.876909
0.060106
0.764547
0.088433
0.064311
0.868345
0.943268
0.495717
0.430795
0.550447
0.765189
0.887401
0.187079
0.642430
0.398945
0.111926
0.670068
0.871047
0.826563
0.148561
0.524833
0.334388
0.380596
0.210639
0.669640
0.903491
0.848632
0.190816
0.780981
0.229095
0.594480
0.646559
0.183238
0.037437
0.748857
0.432377
0.447594
0.095811
0.746388
0.088440
0.850351
0.534357
0.928698
0.944091
0.468467
0.477823
0.522243
0.106038
0.909304
0.912889
0.539026
0.606811
0.995160
0.777039
