10 10
# Row 0
0.904190
0.605551
0.505713
0.781698
0.074664
0.397658
0.923722
0.032355
0.887938
0.964415
# Row 1
0.629738
0.604875
0.906031
0.150594
0.849069
0.335202
0.346054
0.404812
0.494269
0.349980
# Row 2
0.438396
0.590409
0.426530
0.194938
0.295173
0.856823
0.567959
0.760077
0.111961
0.361102
# Row 3
0.678047
0.939798
0.658469
0.429708
0.115799
0.244985
0.279572
0.029795
0.175778
0.269769
# Row 4
0.578755
0.818396
0.046240
0.876378
0.721455
0.214592
0.228396
0.705868
0.833908
0.816611
# Row 5
0.468316
0.550159
0.320206
0.501471
0.181152
0.771532
0.440478
0.903208
0.738226
0.260477
# Row 6
0.128873
0.886780
0.291276
0.952528
0.551824
0.603656
0.428131
0.141668
0.163579
0.732944
# Row 7
0.496762
0.334359
0.183890
0.345206
0.959521
0.177558
0.257011
0.257173
0.409224
0.699887
# Row 8
0.134740
0.822133
0.609301
0.251998
0.220249
0.386463
0.030517
0.784973
0.703239
0.466532
# Row 9
0.218834
0.520143
0.377790
0.406885
0.017961
0.336210
0.457752
0.480524
0.214489
0.916917
