100 100
# Row 0
0.828798
0.542050
0.041556
0.350939
0.577344
0.206875
0.918652
0.325933
0.194015
0.746384
0.949055
0.087283
0.414367
0.656958
0.839939
0.007498
0.628092
0.332475
0.423849
0.341419
0.842907
0.272903
0.144947
0.238627
0.787628
0.904148
0.431301
0.384708
0.039928
0.611346
0.329015
0.521968
0.196940
0.388206
0.282187
0.379145
0.372628
0.784124
0.209426
0.225332
0.256476
0.229982
0.487626
0.224017
0.733483
0.000202
0.244519
0.507532
0.603559
0.945528
0.574020
0.819843
0.285553
0.146619
0.216563
0.226331
0.911300
0.997014
0.637443
0.693952
0.850878
0.145054
0.739976
0.874921
0.232054
0.693272
0.070253
0.643988
0.273406
0.071595
0.912913
0.445885
0.418502
0.834029
0.202272
0.298773
0.092802
0.059506
0.442945
0.005388
0.988504
0.114206
0.564688
0.270406
0.776588
0.818289
0.746483
0.675377
0.039090
0.883785
0.106901
0.877106
0.575477
0.197044
0.846824
0.667875
0.460469
0.719069
0.974895
0.253237
# Row 1
0.790376
0.596104
0.377102
0.992968
0.752707
0.402799
0.394215
0.031121
0.869429
0.188172
0.632162
0.470899
0.205721
0.333398
0.791527
0.678658
0.289589
0.848642
0.407301
0.718697
0.067496
0.087760
0.535750
0.007415
0.619616
0.414514
0.312000
0.853080
0.595951
0.847310
0.583109
0.327796
0.509997
0.392301
0.353258
0.753906
0.566609
0.663711
0.869993
0.221036
0.610200
0.517550
0.845785
0.866205
0.891271
0.088386
0.513357
0.922204
0.574775
0.632062
0.125307
0.683925
0.492127
0.519182
0.750455
0.864032
0.387239
0.189642
0.116377
0.254744
0.471250
0.727824
0.078019
0.018338
0.204259
0.327165
0.537581
0.272897
0.917178
0.423403
0.235560
0.289944
0.802587
0.845003
0.414692
0.585719
0.398302
0.380016
0.518309
0.367418
0.497299
0.629287
0.616283
0.229663
0.307027
0.610768
0.402365
0.115642
0.092270
0.018261
0.326499
0.432832
0.739183
0.305687
0.617937
0.807093
0.022489
0.365907
0.726144
0.373611
# Row 2
0.519929
0.767714
0.616163
0.231921
0.352638
0.588288
0.665914
0.868761
0.320390
0.378788
0.840776
0.001309
0.707557
0.791509
0.784583
0.579394
0.548524
0.707142
0.337979
0.164244
0.527557
0.174935
0.350111
0.769525
0.843243
0.227258
0.016204
0.594790
0.265185
0.279268
0.083109
0.129427
0.552542
0.765575
0.302005
0.475059
0.269937
0.306337
0.359795
0.684836
0.534420
0.707844
0.029140
0.598540
0.143551
0.675888
0.485492
0.353058
0.983621
0.208175
0.144999
0.149085
0.290860
0.204446
0.179956
0.278329
0.757744
0.125120
0.221812
0.072763
0.239878
0.292239
0.022231
0.681338
0.853007
0.176798
0.819683
0.152974
0.059608
0.286443
0.365440
0.591582
0.262990
0.854860
0.464289
0.423615
0.865256
0.752461
0.150865
0.496278
0.442909
0.966234
0.374164
0.610756
0.967861
0.729687
0.125869
0.635846
0.997495
0.281931
0.100805
0.880202
0.699033
0.174175
0.201636
0.403510
0.012314
0.663783
0.929416
0.286480
# Row 3
0.321342
0.697860
0.074440
0.065361
0.656358
0.212852
0.228907
0.968205
0.721044
0.402469
0.778054
0.807253
0.298014
0.437338
0.936857
0.315440
0.772211
0.075959
0.535138
0.936200
0.397004
0.173179
0.018461
0.046571
0.359975
0.270320
0.131886
0.916494
0.861658
0.007117
0.048042
0.375416
0.055459
0.811799
0.052883
0.804516
0.393903
0.249881
0.027547
0.223646
0.346122
0.108082
0.782104
0.561292
0.583576
0.086212
0.178509
0.739315
0.142610
0.211675
0.001158
0.668117
0.159213
0.388842
0.722264
0.219176
0.006849
0.974740
0.897322
0.448098
0.854190
0.825095
0.597811
0.900631
0.175998
0.787841
0.431638
0.505276
0.805137
0.307671
0.657493
0.988582
0.993006
0.333534
0.211247
0.733019
0.263762
0.545258
0.127766
0.713122
0.796906
0.505470
0.560356
0.414662
0.673771
0.433956
0.025641
0.175891
0.674608
0.144658
0.490690
0.041911
0.841289
0.297130
0.780947
0.236121
0.730843
0.526743
0.534932
0.610327
# Row 4
0.010231
0.529128
0.530391
0.711773
0.694031
0.597660
0.825657
0.316224
0.143302
0.027425
0.421455
0.726876
0.743243
0.799721
0.377407
0.775632
0.604828
0.908091
0.792498
0.123040
0.415039
0.956201
0.261047
0.113490
0.743369
0.391089
0.279997
0.471328
0.328875
0.089668
0.247198
0.530031
0.580085
0.414767
0.744667
0.370054
0.255885
0.237848
0.539507
0.241375
0.923068
0.492989
0.405312
0.394745
0.748226
0.300467
0.418722
0.012611
0.748369
0.563727
0.722524
0.278432
0.144811
0.701542
0.974950
0.854194
0.615220
0.094515
0.383960
0.643592
0.274160
0.183801
0.618206
0.836304
0.215922
0.508044
0.208733
0.881450
0.586180
0.365390
0.726291
0.390788
0.900170
0.070236
0.910514
0.580078
0.762122
0.783739
0.614224
0.916669
0.159072
0.743544
0.437281
0.239564
0.075564
0.027465
0.990920
0.982685
0.605873
0.149773
0.040197
0.880756
0.907165
0.214391
0.206484
0.929151
0.948411
0.709597
0.314959
0.553450
# Row 5
0.852048
0.512238
0.887438
0.211443
0.812598
0.230053
0.205970
0.680595
0.801096
0.618295
0.007405
0.398730
0.046704
0.696614
0.367077
0.636963
0.226023
0.115322
0.047201
0.344075
0.313003
0.793086
0.332126
0.953935
0.653005
0.403180
0.661007
0.675857
0.356334
0.720394
0.664442
0.066434
0.970777
0.469171
0.184198
0.425474
0.328385
0.214429
0.626408
0.573724
0.786473
0.104765
0.393656
0.302590
0.942043
0.273498
0.938621
0.572698
0.516140
0.302401
0.162784
0.856736
0.031864
0.997495
0.882689
0.740439
0.276726
0.473257
0.041177
0.522834
0.304768
0.113780
0.342545
0.492264
0.932472
0.815370
0.332818
0.338295
0.679305
0.218855
0.376237
0.722109
0.841033
0.631195
0.946890
0.940590
0.632335
0.500254
0.563451
0.344041
0.943281
0.644703
0.151721
0.306763
0.398744
0.719705
0.683611
0.096841
0.845612
0.400304
0.375080
0.580122
0.702810
0.536438
0.245224
0.848016
0.454745
0.639390
0.362994
0.244399
# Row 6
0.939101
0.828632
0.009195
0.939255
0.542338
0.145005
0.334441
0.851948
0.366278
0.531344
0.927153
0.952289
0.340426
0.921124
0.250724
0.490097
0.928968
0.650858
0.850433
0.642224
0.898530
0.730254
0.956027
0.178553
0.780830
0.538254
0.956133
0.684886
0.469445
0.951547
0.739607
0.430806
0.446247
0.209094
0.083768
0.315349
0.633090
0.441345
0.820239
0.283749
0.828545
0.481458
0.079356
0.896737
0.216417
0.579037
0.360032
0.202297
0.949419
0.971194
0.803330
0.951557
0.322299
0.963356
0.877373
0.399562
0.387249
0.531088
0.674508
0.212241
0.941411
0.287710
0.347735
0.278163
0.871236
0.549724
0.494405
0.803225
0.688518
0.767868
0.856275
0.894584
0.383824
0.636230
0.824511
0.753814
0.178225
0.121290
0.397576
0.575978
0.425596
0.608635
0.373709
0.659253
0.435102
0.504644
0.305617
0.077660
0.804859
0.376447
0.693841
0.456829
0.519259
0.004494
0.840956
0.959510
0.428406
0.262183
0.978503
0.964484
# Row 7
0.240800
0.245896
0.662342
0.180854
0.090410
0.541878
0.913449
0.041365
0.435254
0.434604
0.266411
0.265897
0.183201
0.501256
0.336585
0.972865
0.776915
0.680815
0.991791
0.775566
0.586669
0.102075
0.931324
0.957145
0.518202
0.765865
0.852919
0.236694
0.732293
0.432250
0.299175
0.375781
0.860515
0.608007
0.294061
0.125728
0.983306
0.473729
0.535720
0.868102
0.885677
0.559380
0.935437
0.981697
0.024260
0.363682
0.868746
0.096944
0.106975
0.323508
0.521116
0.231984
0.911278
0.247436
0.008084
0.492954
0.734901
0.721148
0.572213
0.854445
0.798514
0.025657
0.603806
0.195258
0.695123
0.752014
0.699181
0.570747
0.126872
0.783670
0.612716
0.868203
0.284799
0.400908
0.133399
0.868314
0.237773
0.457379
0.432691
0.067058
0.108282
0.418997
0.800955
0.782052
0.957786
0.338113
0.380191
0.349971
0.594343
0.874443
0.180497
0.032104
0.689184
0.347839
0.458379
0.389138
0.964481
0.611359
0.262171
0.810104
# Row 8
0.936998
0.626496
0.391573
0.921066
0.995455
0.881991
0.156168
0.234028
0.004897
0.864853
0.586357
0.493961
0.299124
0.324281
0.287037
0.250434
0.800236
0.989112
0.020455
0.619695
0.128756
0.145446
0.653932
0.553008
0.302866
0.257589
0.057593
0.118474
0.913389
0.841915
0.337085
0.907561
0.272808
0.565160
0.839854
0.156226
0.820439
0.036964
0.287305
0.126184
0.198656
0.767759
0.218617
0.717918
0.651643
0.049591
0.447964
0.817073
0.321581
0.137064
0.150996
0.034402
0.288551
0.621677
0.427879
0.951538
0.809045
0.634614
0.110759
0.786055
0.721163
0.825183
0.268707
0.236031
0.797895
0.554940
0.341016
0.743423
0.416960
0.547128
0.331904
0.254556
0.078189
0.228913
0.710571
0.873195
0.417422
0.107293
0.968000
0.355602
0.647186
0.901347
0.526606
0.837290
0.085297
0.502115
0.424882
0.297808
0.227144
0.601006
0.903469
0.243467
0.868247
0.487910
0.401987
0.739822
0.111096
0.806504
0.190653
0.967828
# Row 9
0.793137
0.217585
0.763717
0.762378
0.377523
0.978210
0.522611
0.362692
0.660110
0.427203
0.188144
0.744410
0.597867
0.574100
0.768879
0.187785
0.066728
0.232236
0.945942
0.080029
0.650061
0.996609
0.035062
0.658312
0.459847
0.438099
0.579749
0.419522
0.146782
0.027883
0.393529
0.090425
0.386516
0.895486
0.985563
0.345026
0.288881
0.702452
0.707266
0.242743
0.995077
0.838307
0.285482
0.650362
0.662448
0.239156
0.251135
0.602003
0.623780
0.330463
0.925053
0.684513
0.612240
0.608301
0.331857
0.541582
0.006606
0.917438
0.628685
0.539555
0.344694
0.545355
0.261381
0.493550
0.224627
0.329674
0.203011
0.216355
0.840521
0.339078
0.847837
0.018066
0.036101
0.616889
0.690816
0.285180
0.989865
0.519868
0.034114
0.928360
0.629660
0.406013
0.047040
0.973346
0.102281
0.653179
0.436172
0.435188
0.162304
0.070127
0.333625
0.058386
0.089303
0.803227
0.311513
0.611585
0.667566
0.471747
0.411354
0.422698
# Row 10
0.169104
0.873802
0.922802
0.346876
0.049082
0.601059
0.244582
0.634475
0.900785
0.955858
0.352464
0.358353
0.910943
0.868163
0.228663
0.459707
0.720069
0.015648
0.571131
0.759650
0.918586
0.028111
0.400096
0.781381
0.918703
0.742529
0.966165
0.146808
0.232611
0.718512
0.995854
0.004512
0.186594
0.142157
0.596010
0.156146
0.312794
0.371698
0.591045
0.659437
0.418770
0.508654
0.151994
0.972482
0.050710
0.826911
0.963009
0.580848
0.478445
0.738420
0.981241
0.321935
0.756735
0.312726
0.905158
0.736332
0.003034
0.558614
0.552668
0.070402
0.000867
0.595863
0.445281
0.505694
0.141693
0.134946
0.432652
0.667027
0.686660
0.999796
0.310775
0.971185
0.320967
0.696247
0.177726
0.321341
0.023700
0.685048
0.027167
0.568735
0.749398
0.267416
0.548755
0.983463
0.256457
0.052746
0.736518
0.271623
0.392439
0.337663
0.104375
0.908618
0.105949
0.384046
0.678716
0.330537
0.575800
0.307599
0.541021
0.830429
# Row 11
0.885568
0.860210
0.291404
0.477770
0.208325
0.856547
0.112712
0.541854
0.163515
0.921637
0.053178
0.418334
0.854799
0.950577
0.085821
0.988257
0.661716
0.518835
0.519932
0.377069
0.534551
0.072095
0.462378
0.814090
0.804686
0.184348
0.485655
0.448354
0.173509
0.393436
0.140039
0.672755
0.961707
0.011817
0.836669
0.503829
0.095350
0.039750
0.267646
0.508675
0.961834
0.566895
0.462268
0.453563
0.801659
0.290581
0.802405
0.451256
0.903587
0.474411
0.534883
0.727401
0.561508
0.554886
0.178005
0.922321
0.629862
0.927179
0.579375
0.945757
0.007632
0.220834
0.552579
0.051787
0.493447
0.644078
0.013729
0.882908
0.019387
0.029604
0.321245
0.520745
0.199679
0.868487
0.262371
0.990895
0.661918
0.451463
0.450001
0.506784
0.580146
0.842910
0.118544
0.948409
0.846503
0.652791
0.716095
0.493302
0.124992
0.821568
0.763600
0.926585
0.678759
0.034306
0.124563
0.322734
0.981238
0.090009
0.738767
0.522429
# Row 12
0.169437
0.993593
0.611423
0.022998
0.910694
0.649219
0.208918
0.600621
0.096773
0.519144
0.641113
0.617174
0.393389
0.191460
0.058019
0.605741
0.329867
0.458476
0.459058
0.338313
0.661120
0.746060
0.712428
0.259495
0.849341
0.819479
0.569837
0.414436
0.950550
0.905560
0.100876
0.941320
0.034500
0.262013
0.477236
0.863227
0.676470
0.856140
0.828922
0.465766
0.525525
0.015869
0.844535
0.541550
0.543187
0.530962
0.470867
0.416364
0.114679
0.821556
0.011718
0.031857
0.835657
0.081026
0.863561
0.673211
0.672315
0.131985
0.240839
0.815719
0.261836
0.515390
0.424220
0.280300
0.071455
0.735966
0.151615
0.584111
0.753890
0.801055
0.808331
0.338661
0.438970
0.168542
0.556392
0.464759
0.578265
0.932573
0.673906
0.182671
0.831905
0.758532
0.306930
0.408769
0.953243
0.482372
0.924796
0.699419
0.614251
0.930254
0.825030
0.971916
0.127533
0.925064
0.568482
0.284818
0.392466
0.424256
0.704876
0.250392
# Row 13
0.534515
0.592439
0.242677
0.595177
0.357312
0.430981
0.146980
0.786471
0.204216
0.460599
0.540301
0.949254
0.275080
0.241646
0.011982
0.846469
0.088647
0.096656
0.493812
0.963330
0.173037
0.912214
0.967127
0.591531
0.336090
0.999643
0.967588
0.760650
0.971923
0.609187
0.539018
0.311207
0.835991
0.258756
0.250991
0.886605
0.932610
0.760063
0.883372
0.070421
0.548549
0.921794
0.844932
0.882326
0.804505
0.866631
0.735786
0.832373
0.231693
0.717619
0.291232
0.321892
0.990087
0.855897
0.317102
0.363070
0.183033
0.808687
0.906719
0.002156
0.872914
0.141276
0.932791
0.997585
0.525496
0.063188
0.453008
0.889205
0.695759
0.145793
0.627822
0.653819
0.382763
0.931063
0.098039
0.371804
0.020991
0.899378
0.536834
0.316469
0.014219
0.384109
0.506964
0.349661
0.857090
0.463955
0.503967
0.582027
0.609049
0.537661
0.537597
0.693182
0.993222
0.362864
0.137555
0.755089
0.975215
0.509774
0.809654
0.651398
# Row 14
0.948000
0.895260
0.711932
0.416912
0.801456
0.793574
0.367156
0.856046
0.209119
0.201496
0.231951
0.349039
0.519070
0.919421
0.759831
0.672326
0.117286
0.212076
0.535344
0.188017
0.045117
0.465750
0.132056
0.780633
0.830868
0.160639
0.523918
0.211626
0.849843
0.540939
0.326812
0.038625
0.296958
0.170520
0.486616
0.212700
0.858463
0.703271
0.587319
0.869246
0.050047
0.534795
0.005820
0.503538
0.671115
0.912041
0.170472
0.647895
0.961268
0.701311
0.122809
0.712079
0.464659
0.510080
0.073895
0.820692
0.769166
0.647061
0.279151
0.180402
0.726128
0.426454
0.122365
0.775858
0.337218
0.280366
0.047834
0.456810
0.660026
0.757804
0.859560
0.811483
0.103834
0.744659
0.821290
0.584641
0.710307
0.637795
0.047535
0.895531
0.117325
0.014305
0.433025
0.634126
0.142726
0.836341
0.089012
0.297697
0.381324
0.970698
0.155393
0.198041
0.044433
0.843778
0.356528
0.587764
0.975427
0.226016
0.638115
0.377530
# Row 15
0.414997
0.289852
0.237682
0.941425
0.561308
0.322334
0.130467
0.121428
0.246759
0.423406
0.687143
0.172051
0.436310
0.575435
0.764648
0.650553
0.622216
0.035824
0.213814
0.415677
0.254570
0.755463
0.768625
0.097858
0.892340
0.649822
0.525457
0.936531
0.899931
0.000705
0.223854
0.425990
0.942069
0.014861
0.503311
0.091696
0.765449
0.846124
0.386586
0.145741
0.397866
0.951452
0.785645
0.096071
0.871038
0.014856
0.651023
0.352002
0.387119
0.368853
0.001917
0.862542
0.833812
0.668759
0.948434
0.118286
0.120280
0.844115
0.618139
0.857347
0.694938
0.143181
0.748401
0.346512
0.134040
0.495186
0.429234
0.606892
0.002326
0.801484
0.856664
0.755689
0.507450
0.006742
0.965646
0.219822
0.350223
0.536448
0.888654
0.811283
0.742803
0.574639
0.469122
0.046931
0.784825
0.618535
0.638562
0.046463
0.289196
0.223373
0.636564
0.391537
0.099218
0.045110
0.560916
0.407102
0.879109
0.420640
0.031016
0.004258
# Row 16
0.061539
0.280033
0.234932
0.964312
0.946936
0.164081
0.915322
0.948610
0.046937
0.289675
0.991461
0.581453
0.403319
0.747522
0.276671
0.307712
0.376973
0.079241
0.848221
0.896972
0.950237
0.227478
0.979180
0.117355
0.909331
0.512383
0.521023
0.290112
0.939202
0.205445
0.306898
0.857015
0.066217
0.057456
0.557050
0.333400
0.498562
0.917461
0.641015
0.807934
0.541605
0.245349
0.570810
0.604047
0.285745
0.779635
0.652788
0.596147
0.385464
0.046694
0.154205
0.625742
0.756478
0.476861
0.187627
0.278429
0.027386
0.080335
0.279226
0.143047
0.285331
0.401598
0.965980
0.400355
0.072527
0.550329
0.915105
0.892468
0.820621
0.750639
0.333103
0.558267
0.379531
0.075296
0.141337
0.527470
0.011559
0.869965
0.552498
0.130703
0.013127
0.121846
0.253778
0.379096
0.906685
0.501294
0.556751
0.009872
0.153336
0.582866
0.233125
0.289536
0.389980
0.428631
0.644678
0.360075
0.938731
0.151841
0.473388
0.842891
# Row 17
0.494732
0.649137
0.345162
0.657487
0.522957
0.535934
0.852540
0.935544
0.615045
0.599824
0.555732
0.524524
0.331734
0.223465
0.068335
0.777967
0.421093
0.160086
0.107904
0.162038
0.621795
0.475470
0.659400
0.100454
0.976528
0.119791
0.111469
0.503887
0.963757
0.446422
0.284954
0.547187
0.155142
0.553640
0.786401
0.570967
0.197648
0.855754
0.646160
0.986207
0.958727
0.074724
0.003707
0.885563
0.742841
0.429716
0.897860
0.737263
0.749232
0.253686
0.425519
0.221940
0.883396
0.412168
0.521582
0.525206
0.725698
0.584614
0.959913
0.415367
0.795321
0.803280
0.408958
0.303470
0.200062
0.254799
0.227382
0.429318
0.634013
0.626706
0.339342
0.960373
0.355835
0.632661
0.873590
0.389362
0.958167
0.448651
0.126151
0.320385
0.209773
0.826689
0.856973
0.832326
0.130675
0.576353
0.453603
0.783159
0.439043
0.887915
0.289959
0.990572
0.107561
0.848848
0.828782
0.405041
0.585031
0.229447
0.019019
0.533793
# Row 18
0.202755
0.699498
0.133578
0.220950
0.899809
0.618800
0.891447
0.824496
0.999503
0.217605
0.976835
0.128915
0.762409
0.662255
0.575726
0.408406
0.568485
0.265533
0.419130
0.715239
0.159454
0.045174
0.877533
0.157306
0.548217
0.318125
0.670932
0.985153
0.198313
0.918214
0.724861
0.209345
0.445054
0.582791
0.049426
0.082006
0.000821
0.726578
0.383466
0.610666
0.718149
0.131495
0.820157
0.727442
0.611769
0.467932
0.007744
0.352240
0.828947
0.229986
0.546678
0.295678
0.748713
0.834341
0.332401
0.317046
0.455331
0.784938
0.224727
0.146920
0.318324
0.944555
0.166655
0.505337
0.497279
0.846308
0.787017
0.088101
0.629341
0.405194
0.365468
0.789459
0.333890
0.400035
0.530561
0.603558
0.143361
0.252876
0.121202
0.364779
0.030927
0.265323
0.640504
0.803920
0.422065
0.924036
0.744322
0.009524
0.843490
0.771101
0.262760
0.878388
0.653095
0.775180
0.583186
0.243919
0.410231
0.027849
0.512340
0.203768
# Row 19
0.766725
0.833528
0.370693
0.487750
0.493491
0.033843
0.395041
0.163008
0.691547
0.396495
0.079468
0.355563
0.984045
0.558949
0.867281
0.156683
0.739823
0.818160
0.317475
0.299964
0.159589
0.734481
0.162147
0.252760
0.461758
0.321888
0.402408
0.916050
0.862922
0.544207
0.069308
0.413151
0.562844
0.960447
0.515876
0.353771
0.348738
0.959467
0.072278
0.259988
0.639547
0.908481
0.757369
0.450077
0.037218
0.290439
0.118562
0.900179
0.556012
0.116913
0.493172
0.388974
0.308130
0.435975
0.326553
0.413780
0.258070
0.984816
0.126847
0.925180
0.770882
0.105995
0.117606
0.229809
0.700734
0.111525
0.305591
0.465834
0.153999
0.763309
0.102560
0.762609
0.351481
0.380261
0.620739
0.594763
0.071733
0.985814
0.549011
0.362484
0.424038
0.594216
0.060850
0.945101
0.446056
0.185387
0.409001
0.846269
0.595966
0.637081
0.832290
0.678595
0.288992
0.136377
0.696322
0.616658
0.468281
0.662175
0.674893
0.213707
# Row 20
0.883317
0.564460
0.468482
0.653515
0.436433
0.127850
0.469247
0.259683
0.138849
0.125727
0.790427
0.466071
0.959388
0.591542
0.757344
0.660032
0.047109
0.466217
0.835464
0.431821
0.437143
0.050846
0.779753
0.026406
0.708858
0.693706
0.713355
0.816086
0.036942
0.277177
0.770223
0.652649
0.367043
0.516439
0.706424
0.165650
0.844553
0.026106
0.542507
0.738846
0.241931
0.507556
0.341545
0.700498
0.659362
0.228150
0.854441
0.526458
0.735725
0.439351
0.129234
0.789653
0.600673
0.264773
0.640732
0.548202
0.750712
0.398069
0.860607
0.590219
0.447491
0.216616
0.968613
0.830103
0.447993
0.437837
0.068814
0.453193
0.295188
0.534402
0.489467
0.548190
0.763120
0.861398
0.633615
0.755249
0.679840
0.927726
0.234720
0.338595
0.390457
0.825663
0.536074
0.402614
0.794655
0.392895
0.835734
0.187361
0.749839
0.861737
0.454956
0.371337
0.802798
0.208230
0.635154
0.585038
0.657133
0.071875
0.237175
0.297641
# Row 21
0.537043
0.413690
0.701084
0.421211
0.034528
0.219974
0.271770
0.312733
0.069073
0.761434
0.455666
0.915358
0.016931
0.667519
0.450156
0.028345
0.729889
0.374892
0.486090
0.733011
0.237547
0.123521
0.705012
0.822454
0.167643
0.386159
0.118761
0.319957
0.908805
0.474852
0.085942
0.349048
0.940377
0.634983
0.506275
0.402260
0.553967
0.542439
0.952167
0.501442
0.958514
0.107368
0.302068
0.546189
0.890330
0.469184
0.140772
0.895601
0.815586
0.167771
0.479050
0.649653
0.416655
0.587037
0.903649
0.308054
0.675552
0.796105
0.486209
0.245555
0.715480
0.033520
0.997074
0.402426
0.921226
0.979241
0.731153
0.537493
0.345209
0.092097
0.554916
0.509260
0.210673
0.126415
0.326704
0.159550
0.467416
0.216148
0.279830
0.185728
0.937108
0.878952
0.146155
0.754434
0.031523
0.962873
0.046327
0.774977
0.342677
0.966893
0.494452
0.598033
0.422035
0.611347
0.225439
0.209298
0.697660
0.828654
0.121540
0.663471
# Row 22
0.962776
0.068027
0.912785
0.856933
0.024005
0.554519
0.879296
0.714063
0.568077
0.773343
0.770137
0.299291
0.815742
0.340761
0.054899
0.242083
0.132607
0.714663
0.375183
0.543468
0.088696
0.048440
0.301229
0.329072
0.959574
0.323700
0.814982
0.324407
0.878070
0.649349
0.128771
0.793425
0.641268
0.990604
0.755690
0.831690
0.994833
0.311353
0.123755
0.312311
0.326408
0.162277
0.374451
0.407865
0.450500
0.626333
0.413661
0.557498
0.235546
0.509075
0.348914
0.508376
0.464751
0.016137
0.413944
0.768458
0.618773
0.441924
0.565672
0.487585
0.381486
0.665481
0.558764
0.601170
0.089210
0.340944
0.330963
0.581030
0.136297
0.425406
0.543707
0.537296
0.411319
0.217066
0.645325
0.790981
0.141956
0.006914
0.589927
0.615993
0.374786
0.169691
0.538440
0.250516
0.588414
0.441625
0.376832
0.759373
0.342753
0.926331
0.551240
0.040772
0.189928
0.224753
0.584385
0.502682
0.427438
0.954236
0.199406
0.366652
# Row 23
0.354337
0.775458
0.436295
0.511548
0.016684
0.119382
0.655729
0.458222
0.598109
0.850576
0.241791
0.871200
0.551724
0.634807
0.948340
0.558184
0.785684
0.329987
0.696402
0.766328
0.039493
0.088102
0.687681
0.880200
0.432786
0.355324
0.621087
0.835324
0.772021
0.666993
0.707121
0.478551
0.880710
0.148479
0.894265
0.178898
0.121009
0.312299
0.030449
0.556488
0.622280
0.962333
0.562733
0.730623
0.077396
0.419132
0.264077
0.858826
0.440022
0.523342
0.505167
0.455763
0.413769
0.880080
0.852557
0.443723
0.303235
0.014132
0.565832
0.634735
0.961703
0.718207
0.633122
0.309268
0.163030
0.113928
0.776335
0.308898
0.516644
0.293048
0.778274
0.062399
0.883044
0.865669
0.139685
0.818859
0.309686
0.079392
0.525006
0.060865
0.548405
0.170848
0.463651
0.249304
0.818622
0.316487
0.055063
0.233311
0.306674
0.526624
0.899297
0.509371
0.929881
0.404408
0.512734
0.088293
0.711848
0.214450
0.165843
0.723907
# Row 24
0.108511
0.784680
0.424960
0.259874
0.266182
0.525464
0.924376
0.588461
0.285073
0.183847
0.723153
0.305687
0.484422
0.765107
0.400676
0.349666
0.626363
0.521531
0.156890
0.372699
0.341203
0.717889
0.151353
0.112704
0.221120
0.488626
0.136766
0.776630
0.404758
0.972993
0.817678
0.248828
0.982380
0.786630
0.946977
0.502852
0.308680
0.012338
0.817952
0.778469
0.744903
0.285707
0.827786
0.129779
0.468395
0.244980
0.191937
0.739222
0.619106
0.906932
0.643856
0.700187
0.110133
0.235197
0.229837
0.713074
0.152191
0.863270
0.726470
0.621513
0.747539
0.216325
0.093489
0.883498
0.742664
0.004196
0.006034
0.763173
0.214742
0.608386
0.368886
0.220591
0.056202
0.400460
0.735763
0.537029
0.244537
0.664806
0.376848
0.651225
0.898834
0.978347
0.948327
0.896605
0.366516
0.561947
0.112596
0.361206
0.117644
0.966901
0.284278
0.871280
0.592321
0.214951
0.885180
0.697742
0.619748
0.156915
0.984393
0.463621
# Row 25
0.953849
0.854335
0.084169
0.493045
0.527008
0.487101
0.647656
0.481170
0.465133
0.930030
0.013682
0.013685
0.816989
0.270704
0.822417
0.148425
0.489721
0.223019
0.402814
0.155370
0.539911
0.454922
0.620321
0.150404
0.812787
0.139451
0.026680
0.949078
0.846856
0.665852
0.320953
0.096115
0.940843
0.038096
0.853772
0.922050
0.616244
0.433272
0.369671
0.258399
0.281763
0.099234
0.272980
0.365906
0.423607
0.912438
0.261969
0.846038
0.894026
0.681533
0.247625
0.104211
0.963942
0.624163
0.554734
0.994680
0.436410
0.333207
0.694003
0.923078
0.806436
0.219790
0.648125
0.125060
0.798039
0.624728
0.988400
0.430980
0.538117
0.044305
0.041328
0.310134
0.643544
0.752577
0.269246
0.747673
0.935973
0.318644
0.481313
0.817178
0.769257
0.427015
0.120003
0.087223
0.796372
0.091383
0.795734
0.046568
0.733711
0.901551
0.293579
0.996390
0.446093
0.720331
0.229485
0.675856
0.699373
0.127803
0.370524
0.737174
# Row 26
0.761050
0.536174
0.788944
0.935939
0.802413
0.926638
0.630930
0.061101
0.726809
0.513122
0.438814
0.595514
0.653446
0.754969
0.963931
0.412889
0.189217
0.225671
0.993486
0.410693
0.764559
0.117311
0.338876
0.422411
0.464035
0.105902
0.198205
0.508559
0.796584
0.922188
0.218694
0.396396
0.901148
0.032350
0.804881
0.416600
0.525440
0.115669
0.308679
0.405138
0.331997
0.579337
0.413195
0.224382
0.337525
0.737851
0.202860
0.474474
0.568104
0.834758
0.469746
0.669498
0.881495
0.142765
0.815295
0.339616
0.764069
0.554663
0.096272
0.776703
0.227416
0.498215
0.965129
0.194956
0.510186
0.564564
0.352584
0.047358
0.514162
0.839251
0.121882
0.882725
0.977831
0.740287
0.130642
0.095694
0.602050
0.887459
0.111437
0.003467
0.305029
0.605233
0.123289
0.059060
0.690087
0.568001
0.533352
0.502553
0.680111
0.566327
0.214479
0.071273
0.205864
0.657280
0.746598
0.389491
0.258142
0.077479
0.197397
0.581303
# Row 27
0.530968
0.276359
0.543485
0.380610
0.127801
0.567269
0.942689
0.323980
0.285960
0.008718
0.050526
0.420694
0.035651
0.796660
0.011115
0.305052
0.966328
0.265685
0.970139
0.235477
0.470238
0.422883
0.233209
0.249839
0.694446
0.148828
0.008572
0.294392
0.010248
0.937260
0.963160
0.582914
0.732492
0.465833
0.223097
0.821821
0.548907
0.817561
0.554892
0.155610
0.187363
0.744882
0.065504
0.785075
0.121112
0.689616
0.105437
0.618873
0.031044
0.062236
0.099066
0.108658
0.580271
0.528228
0.663988
0.550846
0.158500
0.248754
0.722664
0.716897
0.298584
0.444060
0.914590
0.191766
0.710056
0.573250
0.748374
0.390795
0.397502
0.400998
0.806271
0.913151
0.296352
0.314129
0.347837
0.840038
0.754392
0.287616
0.726454
0.353926
0.081356
0.725401
0.707885
0.837334
0.176883
0.126701
0.591828
0.493054
0.902526
0.779212
0.717348
0.739834
0.688189
0.848410
0.665441
0.796387
0.737135
0.724211
0.144676
0.231161
# Row 28
0.824677
0.975471
0.999549
0.974895
0.859860
0.937578
0.059943
0.657599
0.211195
0.772962
0.150896
0.822056
0.979156
0.768243
0.704993
0.903321
0.450241
0.900526
0.218350
0.060142
0.488546
0.069827
0.621957
0.352026
0.537722
0.371505
0.312444
0.118272
0.723856
0.904028
0.613023
0.116181
0.601159
0.671313
0.282157
0.289534
0.778536
0.458699
0.023330
0.380089
0.745364
0.216485
0.896364
0.770139
0.996623
0.569533
0.914022
0.399289
0.186184
0.946162
0.705682
0.670465
0.736503
0.360308
0.923968
0.426344
0.654635
0.729412
0.495030
0.206056
0.378525
0.423819
0.006314
0.591847
0.261762
0.444610
0.578029
0.926002
0.835660
0.654138
0.770020
0.559537
0.628828
0.041202
0.181436
0.016837
0.018770
0.310548
0.856704
0.595680
0.107927
0.629557
0.821147
0.431967
0.806688
0.144479
0.639562
0.545426
0.344890
0.661175
0.880839
0.839840
0.076190
0.453007
0.543836
0.092635
0.269347
0.559401
0.570179
0.158459
# Row 29
0.258087
0.735941
0.457252
0.594718
0.836081
0.739872
0.061566
0.749500
0.703017
0.228275
0.024019
0.730292
0.487295
0.820310
0.882725
0.182249
0.864200
0.955708
0.097468
0.175042
0.357204
0.960826
0.576997
0.845677
0.934235
0.118232
0.264058
0.529913
0.698333
0.698798
0.234054
0.586441
0.109220
0.545193
0.145466
0.765845
0.873193
0.346468
0.740762
0.981229
0.095801
0.685021
0.135627
0.520518
0.525493
0.004741
0.505302
0.813799
0.825436
0.093742
0.336090
0.685128
0.221824
0.513305
0.967190
0.820208
0.594999
0.668661
0.715697
0.853008
0.937725
0.205008
0.421673
0.790167
0.014019
0.937052
0.939568
0.366930
0.251351
0.161542
0.559036
0.668093
0.206216
0.554431
0.887577
0.898236
0.003406
0.777858
0.647696
0.384367
0.686614
0.792952
0.613914
0.718461
0.483831
0.834286
0.474509
0.765460
0.215431
0.207710
0.387070
0.082926
0.913682
0.948252
0.996544
0.020995
0.716034
0.857202
0.493481
0.435790
# Row 30
0.104931
0.231510
0.155650
0.986503
0.036677
0.423911
0.688301
0.467362
0.701427
0.214244
0.460467
0.512512
0.934323
0.331983
0.533191
0.407003
0.330985
0.613910
0.750077
0.133801
0.163779
0.491170
0.373730
0.318734
0.331609
0.324606
0.019361
0.427043
0.966478
0.609702
0.377969
0.581719
0.454102
0.081833
0.308133
0.270746
0.570631
0.113456
0.882888
0.184059
0.088820
0.617841
0.434505
0.558289
0.538111
0.584809
0.276913
0.935895
0.116086
0.764417
0.787465
0.783043
0.923307
0.291738
0.784377
0.216588
0.437788
0.882740
0.484492
0.313956
0.245325
0.816245
0.811747
0.410804
0.611961
0.204108
0.947079
0.110667
0.217282
0.010888
0.965638
0.759591
0.782613
0.150643
0.350403
0.089105
0.025097
0.513198
0.459058
0.955108
0.273880
0.471700
0.462878
0.341712
0.703039
0.829957
0.385056
0.441432
0.800537
0.079558
0.107232
0.940839
0.814439
0.566824
0.255877
0.048916
0.236198
0.797070
0.846736
0.109515
# Row 31
0.213357
0.723494
0.280898
0.285851
0.276020
0.840293
0.528610
0.130723
0.136621
0.100574
0.088121
0.338753
0.132491
0.750747
0.001131
0.484469
0.255542
0.771559
0.981634
0.591338
0.610895
0.664757
0.661852
0.351343
0.602740
0.261804
0.371432
0.262333
0.525298
0.261488
0.491363
0.801940
0.481902
0.546080
0.712178
0.583530
0.436400
0.466590
0.880363
0.703426
0.566918
0.227301
0.143933
0.792042
0.119381
0.005000
0.867401
0.617682
0.401735
0.291222
0.040556
0.094512
0.002848
0.194278
0.370424
0.739902
0.423397
0.645401
0.840456
0.676044
0.059263
0.948981
0.617377
0.232154
0.448110
0.245419
0.859555
0.772951
0.272739
0.826901
0.259405
0.143338
0.283832
0.987353
0.267748
0.805911
0.861846
0.089621
0.584767
0.475165
0.762735
0.702719
0.047883
0.578952
0.893076
0.172679
0.842421
0.853135
0.023049
0.530563
0.550197
0.589689
0.784877
0.664732
0.931282
0.692233
0.312175
0.661114
0.205347
0.567555
# Row 32
0.472673
0.880475
0.614477
0.708900
0.931553
0.946410
0.065621
0.459295
0.682044
0.378657
0.977519
0.124067
0.198723
0.155489
0.106618
0.214768
0.840242
0.324398
0.065111
0.926399
0.463067
0.715261
0.640621
0.891168
0.645496
0.424110
0.503372
0.120595
0.279181
0.622869
0.768078
0.790048
0.209033
0.271672
0.442599
0.972498
0.815389
0.841350
0.525066
0.569062
0.986547
0.336117
0.340264
0.880917
0.454856
0.897603
0.272304
0.529147
0.423805
0.493933
0.944720
0.655496
0.332837
0.590187
0.915210
0.567902
0.355369
0.963198
0.337220
0.660619
0.246028
0.684154
0.744716
0.611197
0.715925
0.732090
0.043130
0.497256
0.968571
0.221142
0.044992
0.687600
0.050433
0.090956
0.032800
0.637826
0.514198
0.605141
0.126907
0.193987
0.642361
0.674929
0.898383
0.703545
0.295079
0.937857
0.115040
0.315747
0.818496
0.503230
0.614951
0.879425
0.445375
0.172292
0.641204
0.011288
0.134348
0.861601
0.072603
0.298979
# Row 33
0.801086
0.529160
0.578921
0.448067
0.695905
0.515959
0.000779
0.098846
0.157690
0.277974
0.090981
0.286179
0.831528
0.668160
0.996875
0.242999
0.463199
0.423117
0.556145
0.745571
0.692007
0.268929
0.118292
0.146815
0.546629
0.054939
0.391257
0.964239
0.127326
0.788296
0.900351
0.593253
0.830540
0.126892
0.391490
0.757286
0.365438
0.310538
0.722144
0.426487
0.231146
0.201956
0.974114
0.520548
0.601349
0.868431
0.158126
0.032828
0.110668
0.275063
0.630149
0.687484
0.594082
0.260757
0.325400
0.674362
0.713957
0.122980
0.963455
0.844369
0.764593
0.207330
0.264908
0.327703
0.995060
0.759058
0.928235
0.336309
0.089467
0.587430
0.079360
0.798386
0.119284
0.477514
0.263653
0.955449
0.293234
0.680377
0.891508
0.530854
0.212437
0.660358
0.668196
0.092719
0.456398
0.781069
0.683481
0.714659
0.121331
0.989824
0.956604
0.555820
0.176790
0.298682
0.731191
0.999405
0.048219
0.960134
0.298646
0.108628
# Row 34
0.848594
0.463308
0.657410
0.374133
0.926784
0.614653
0.651717
0.671022
0.456430
0.063172
0.092913
0.541239
0.318378
0.247962
0.668152
0.033180
0.521110
0.214169
0.557182
0.420728
0.424603
0.407110
0.683389
0.884645
0.479209
0.023813
0.448470
0.257460
0.535992
0.902285
0.872519
0.936044
0.830337
0.153289
0.967587
0.172258
0.866387
0.694362
0.300478
0.920101
0.844023
0.704142
0.390609
0.897136
0.258758
0.465266
0.385085
0.298638
0.482354
0.560278
0.352768
0.865580
0.690614
0.396817
0.242306
0.573537
0.465052
0.301235
0.709108
0.790712
0.855755
0.184701
0.489577
0.202197
0.080404
0.069354
0.097055
0.357369
0.354009
0.596427
0.345740
0.251778
0.428474
0.321291
0.541877
0.678494
0.181748
0.945632
0.285037
0.091584
0.272296
0.223410
0.318080
0.721931
0.283336
0.699782
0.077864
0.619230
0.568239
0.560983
0.808095
0.000637
0.897297
0.064339
0.782377
0.743748
0.048498
0.422679
0.284201
0.437450
# Row 35
0.310902
0.793652
0.138784
0.107626
0.936679
0.594721
0.380428
0.465012
0.422961
0.667340
0.862066
0.319745
0.991702
0.553145
0.518269
0.102082
0.207036
0.040622
0.529089
0.292544
0.595733
0.177998
0.703350
0.959379
0.765881
0.628077
0.112500
0.629217
0.528658
0.829859
0.919761
0.871308
0.172838
0.212487
0.726508
0.390578
0.404570
0.226969
0.814602
0.124264
0.707016
0.283938
0.818578
0.986246
0.485038
0.640317
0.487323
0.057940
0.406481
0.709061
0.866289
0.381096
0.729401
0.284412
0.976817
0.152945
0.087322
0.406264
0.620017
0.285478
0.494126
0.423051
0.473735
0.586191
0.106327
0.660055
0.069834
0.506461
0.251238
0.632246
0.376351
0.634964
0.181142
0.146007
0.608935
0.177435
0.060110
0.866602
0.055361
0.241216
0.524171
0.957672
0.316114
0.154657
0.297411
0.460740
0.596335
0.509553
0.395106
0.927688
0.886240
0.471911
0.326752
0.964014
0.848074
0.905542
0.931862
0.317597
0.500408
0.378186
# Row 36
0.372595
0.754584
0.820999
0.445399
0.780807
0.514320
0.846346
0.148364
0.852230
0.708021
0.851722
0.223759
0.614602
0.716012
0.574888
0.553176
0.815153
0.805979
0.978287
0.213143
0.099539
0.715940
0.709755
0.602212
0.940920
0.462066
0.655153
0.386928
0.254202
0.800313
0.915577
0.932593
0.754560
0.514886
0.277788
0.867016
0.427382
0.464417
0.073038
0.005927
0.332908
0.292337
0.983822
0.978060
0.315562
0.121173
0.310230
0.097453
0.795695
0.886614
0.851038
0.802039
0.538916
0.227189
0.495734
0.913854
0.302013
0.795935
0.922029
0.070117
0.299681
0.283615
0.211645
0.559961
0.105783
0.386884
0.451196
0.003159
0.557833
0.982582
0.393713
0.489645
0.463089
0.210370
0.391803
0.017906
0.976454
0.364740
0.150952
0.022468
0.829769
0.064530
0.419148
0.052766
0.612743
0.229368
0.758527
0.985211
0.839411
0.839521
0.720474
0.635305
0.960552
0.195784
0.455412
0.046159
0.009897
0.602005
0.373052
0.712967
# Row 37
0.486447
0.753227
0.472278
0.350121
0.990905
0.081211
0.378958
0.699192
0.243660
0.356143
0.665238
0.133373
0.435291
0.703827
0.328371
0.149032
0.496965
0.122754
0.237540
0.100328
0.254013
0.591572
0.222791
0.971515
0.546358
0.977032
0.293997
0.477468
0.097299
0.483142
0.205415
0.110433
0.098587
0.137681
0.391864
0.825144
0.393973
0.371342
0.817938
0.180889
0.602924
0.702432
0.827104
0.884132
0.176406
0.756547
0.931427
0.635854
0.941246
0.701965
0.126392
0.961363
0.220294
0.809253
0.683414
0.655136
0.742337
0.404977
0.102940
0.618049
0.736467
0.407330
0.594245
0.098608
0.376480
0.844391
0.878123
0.713447
0.966211
0.967669
0.532741
0.546168
0.378774
0.504446
0.471143
0.178823
0.552073
0.227300
0.354567
0.658847
0.648270
0.859361
0.915349
0.248669
0.482894
0.645631
0.846283
0.838628
0.274860
0.986511
0.372580
0.260072
0.744805
0.897329
0.073855
0.438973
0.257036
0.790518
0.385804
0.546127
# Row 38
0.549199
0.004455
0.356480
0.583682
0.690976
0.469393
0.235548
0.395593
0.154174
0.016806
0.864909
0.988672
0.235073
0.729848
0.347046
0.528541
0.847738
0.791060
0.278011
0.049382
0.783894
0.916092
0.832727
0.046504
0.619021
0.342115
0.022138
0.855956
0.321698
0.654951
0.548615
0.355717
0.408057
0.444158
0.364936
0.729000
0.868014
0.839838
0.493417
0.133274
0.595157
0.644332
0.038562
0.330635
0.276411
0.777090
0.985487
0.008619
0.567686
0.618479
0.126820
0.398733
0.402503
0.100425
0.815599
0.266545
0.785034
0.846272
0.666580
0.676617
0.818322
0.622722
0.492363
0.542917
0.751866
0.912183
0.785892
0.666202
0.817602
0.639088
0.772336
0.180647
0.705210
0.349047
0.229526
0.419444
0.930155
0.321128
0.898325
0.640947
0.622714
0.832611
0.807265
0.701131
0.543380
0.749561
0.357058
0.123725
0.367414
0.708301
0.641055
0.505477
0.515089
0.820825
0.511377
0.340977
0.398615
0.285534
0.084241
0.089629
# Row 39
0.854234
0.732999
0.162253
0.208368
0.498967
0.070269
0.839379
0.399122
0.644722
0.007403
0.952425
0.072682
0.394628
0.123066
0.110740
0.003471
0.392401
0.034397
0.536109
0.976661
0.978357
0.027819
0.593397
0.434516
0.886450
0.945445
0.608208
0.377744
0.084676
0.535373
0.722885
0.125787
0.483759
0.208176
0.211620
0.683554
0.411744
0.806634
0.887738
0.988076
0.448529
0.717191
0.222712
0.944471
0.236310
0.321362
0.241763
0.024572
0.609223
0.310584
0.552697
0.052464
0.026178
0.941684
0.343756
0.288314
0.131102
0.580595
0.396618
0.835357
0.918820
0.323486
0.099411
0.915408
0.644985
0.566581
0.811825
0.507014
0.305306
0.854160
0.383508
0.929325
0.321488
0.419437
0.014289
0.036471
0.435489
0.561834
0.280041
0.004821
0.734905
0.408840
0.043773
0.132805
0.043355
0.989006
0.093739
0.404361
0.521990
0.708149
0.867845
0.707601
0.480752
0.852655
0.158547
0.855669
0.908321
0.236554
0.569908
0.873148
# Row 40
0.743170
0.423221
0.996912
0.225881
0.148527
0.463998
0.997850
0.762038
0.073054
0.946469
0.568319
0.465969
0.806563
0.491670
0.137645
0.712637
0.534088
0.105080
0.186320
0.448512
0.588349
0.909298
0.520147
0.654923
0.064188
0.470939
0.180399
0.002569
0.131449
0.900236
0.169545
0.852493
0.035430
0.134429
0.532294
0.661287
0.755140
0.816295
0.958365
0.509061
0.275887
0.213632
0.526009
0.381080
0.679055
0.976494
0.746616
0.131571
0.841393
0.744217
0.916550
0.765608
0.629768
0.757393
0.351634
0.957093
0.564458
0.529857
0.244477
0.133454
0.072022
0.137394
0.220329
0.196934
0.553120
0.893416
0.701713
0.105310
0.524976
0.733365
0.657047
0.328960
0.364235
0.910705
0.388602
0.254643
0.553699
0.025175
0.597895
0.177915
0.533735
0.631484
0.893028
0.765246
0.062294
0.902213
0.216376
0.063532
0.510638
0.996478
0.869486
0.969710
0.457396
0.885664
0.095321
0.867561
0.812112
0.644533
0.699313
0.104796
# Row 41
0.099450
0.381329
0.306606
0.473340
0.393610
0.570632
0.372856
0.612835
0.214022
0.099965
0.502791
0.665362
0.811181
0.643351
0.450168
0.842707
0.096562
0.345623
0.043792
0.241290
0.742222
0.319421
0.328918
0.059598
0.011400
0.217184
0.256886
0.785191
0.826531
0.503443
0.076478
0.259673
0.659393
0.894256
0.159780
0.278291
0.591221
0.392370
0.767772
0.403945
0.468536
0.085843
0.364193
0.482335
0.431095
0.317240
0.611243
0.335047
0.247954
0.408652
0.421327
0.820680
0.230312
0.048756
0.142410
0.821263
0.938122
0.931649
0.570814
0.303544
0.231718
0.768631
0.417762
0.884117
0.288728
0.374437
0.711145
0.896362
0.186937
0.925242
0.451347
0.808946
0.300552
0.479268
0.422326
0.613994
0.653355
0.489985
0.102206
0.012329
0.178799
0.889964
0.040401
0.538574
0.543354
0.709815
0.242891
0.245881
0.362743
0.465762
0.108713
0.905072
0.676713
0.311810
0.317606
0.452870
0.920179
0.334071
0.012211
0.376173
# Row 42
0.138781
0.257205
0.333109
0.962235
0.225024
0.143341
0.238794
0.636893
0.705103
0.565199
0.916297
0.604029
0.372591
0.915748
0.505645
0.479351
0.457394
0.430910
0.319505
0.760976
0.229394
0.619097
0.938696
0.619448
0.986275
0.847243
0.157836
0.332718
0.363013
0.078346
0.599796
0.589698
0.252957
0.207017
0.222437
0.082516
0.352416
0.129362
0.918893
0.186297
0.265038
0.909539
0.929433
0.860587
0.140249
0.981005
0.007418
0.113499
0.210869
0.824949
0.836323
0.753886
0.156038
0.596362
0.404335
0.664708
0.592428
0.579967
0.185936
0.299118
0.912813
0.529937
0.537687
0.507193
0.198404
0.020311
0.622652
0.513854
0.659612
0.064804
0.072220
0.896152
0.467218
0.877889
0.066372
0.650115
0.458406
0.682244
0.357602
0.933877
0.903931
0.624974
0.226829
0.255388
0.746400
0.866076
0.391910
0.811054
0.735542
0.732920
0.394113
0.337993
0.043275
0.994903
0.071568
0.319787
0.915889
0.069579
0.950902
0.176871
# Row 43
0.967849
0.607689
0.011555
0.311716
0.924417
0.967438
0.517664
0.590269
0.139722
0.641589
0.888681
0.189634
0.542302
0.573587
0.764187
0.283476
0.858910
0.335647
0.085927
0.967308
0.934949
0.452978
0.699131
0.232672
0.680051
0.369994
0.397252
0.909729
0.921621
0.058058
0.683823
0.930107
0.127686
0.467369
0.690020
0.274841
0.270996
0.600675
0.507382
0.715265
0.835239
0.122283
0.716103
0.217781
0.225656
0.066296
0.607299
0.347303
0.332691
0.342856
0.712926
0.490024
0.229078
0.595902
0.922938
0.435993
0.556605
0.291363
0.042168
0.168288
0.005405
0.227526
0.928975
0.341535
0.911000
0.491716
0.876532
0.281914
0.725311
0.037278
0.111634
0.678062
0.368759
0.835606
0.863918
0.872421
0.980536
0.048761
0.522630
0.611269
0.670571
0.963751
0.773567
0.715260
0.685139
0.890179
0.074063
0.727558
0.152117
0.724686
0.360154
0.661309
0.823323
0.070002
0.922069
0.370233
0.110019
0.320717
0.069524
0.314455
# Row 44
0.171659
0.914924
0.627856
0.987699
0.903259
0.439195
0.753700
0.551634
0.737803
0.667948
0.781825
0.219272
0.179128
0.136946
0.262997
0.212999
0.678316
0.979786
0.429805
0.156149
0.711410
0.496682
0.639512
0.142431
0.884947
0.043351
0.949972
0.458209
0.343378
0.106472
0.648957
0.642371
0.261741
0.918989
0.994886
0.781779
0.439332
0.226775
0.556753
0.322021
0.954614
0.177187
0.735105
0.279114
0.065766
0.104320
0.379499
0.264234
0.440517
0.845843
0.919193
0.767295
0.846904
0.268050
0.324354
0.413955
0.435084
0.790797
0.199489
0.532387
0.069214
0.799608
0.766604
0.099861
0.035669
0.081170
0.763822
0.634127
0.145664
0.509289
0.909594
0.640902
0.380932
0.595142
0.560439
0.007063
0.992825
0.668134
0.221422
0.060703
0.378631
0.107188
0.306738
0.616000
0.222612
0.447801
0.849230
0.035370
0.730050
0.364348
0.031933
0.416745
0.305291
0.502087
0.474629
0.333988
0.562499
0.207000
0.119654
0.897584
# Row 45
0.021538
0.187441
0.492717
0.176170
0.470567
0.618679
0.688507
0.532570
0.588717
0.764546
0.972389
0.127283
0.662332
0.699846
0.676955
0.564625
0.820162
0.549005
0.587031
0.379538
0.208479
0.952112
0.183468
0.154613
0.556150
0.386427
0.592430
0.525895
0.100293
0.932278
0.453689
0.081975
0.391373
0.015640
0.972645
0.223803
0.936747
0.289647
0.403433
0.863144
0.416097
0.853529
0.074796
0.467043
0.581409
0.435410
0.719676
0.365922
0.286843
0.485938
0.410178
0.536531
0.056660
0.609536
0.391247
0.741125
0.447299
0.681331
0.811778
0.084688
0.275720
0.908402
0.986744
0.767220
0.731293
0.057357
0.807252
0.223030
0.952227
0.915561
0.119306
0.509381
0.897066
0.625209
0.891580
0.928945
0.172627
0.938330
0.316139
0.531236
0.865699
0.312640
0.365091
0.565130
0.668406
0.494540
0.945311
0.765824
0.566427
0.223717
0.540229
0.813966
0.783179
0.616607
0.943131
0.551611
0.327723
0.831878
0.414380
0.869155
# Row 46
0.493918
0.744196
0.832485
0.270153
0.695402
0.522594
0.356277
0.298212
0.616120
0.462101
0.925856
0.483850
0.407637
0.902876
0.959940
0.591970
0.499456
0.106565
0.666291
0.465433
0.011655
0.077156
0.982818
0.051016
0.103456
0.311113
0.775417
0.535237
0.268028
0.652477
0.203722
0.324037
0.332055
0.892082
0.249676
0.677951
0.055826
0.580718
0.111355
0.609343
0.901316
0.084367
0.274273
0.497493
0.965576
0.071505
0.565676
0.258356
0.816406
0.029518
0.808874
0.686772
0.146812
0.716719
0.962041
0.278656
0.741919
0.591174
0.939967
0.838571
0.263165
0.655979
0.972002
0.024227
0.163898
0.026907
0.091799
0.604382
0.600292
0.082190
0.634836
0.181790
0.262390
0.780921
0.841195
0.920006
0.470626
0.637253
0.430342
0.014718
0.840171
0.678634
0.391061
0.259838
0.063751
0.280229
0.976106
0.709742
0.486236
0.102041
0.723271
0.656214
0.802385
0.023744
0.161419
0.586757
0.391955
0.303830
0.073632
0.525826
# Row 47
0.081320
0.529146
0.855191
0.878289
0.883251
0.878622
0.650007
0.182159
0.990297
0.926897
0.806670
0.762742
0.783981
0.551237
0.449199
0.281034
0.251684
0.385915
0.995479
0.344325
0.183628
0.864820
0.619046
0.345787
0.139954
0.894050
0.481393
0.312593
0.046746
0.055694
0.059234
0.949247
0.592350
0.431613
0.754520
0.085845
0.372064
0.387208
0.857670
0.091628
0.068739
0.220850
0.692955
0.345136
0.285908
0.481407
0.718802
0.806566
0.973562
0.016479
0.497700
0.999464
0.537649
0.735249
0.756127
0.051990
0.613912
0.465880
0.393571
0.787735
0.354096
0.737149
0.893159
0.498163
0.735132
0.412271
0.460017
0.919382
0.505293
0.710021
0.645496
0.912127
0.649012
0.640153
0.687210
0.383071
0.735919
0.398558
0.241146
0.455981
0.849478
0.969562
0.240486
0.811706
0.424506
0.491371
0.877130
0.365811
0.796854
0.794123
0.960130
0.081983
0.446950
0.622681
0.407436
0.158768
0.244145
0.127633
0.323707
0.148036
# Row 48
0.741285
0.233638
0.910707
0.727696
0.077393
0.974880
0.454605
0.961266
0.997467
0.089920
0.395646
0.425877
0.147097
0.374628
0.273116
0.712206
0.228903
0.050119
0.367909
0.518891
0.978757
0.776174
0.555351
0.045348
0.721735
0.758546
0.104348
0.186214
0.568048
0.505617
0.490474
0.344115
0.003381
0.296409
0.258779
0.592144
0.689707
0.953937
0.308188
0.660733
0.023609
0.466925
0.858023
0.413757
0.279131
0.776235
0.686093
0.374516
0.699416
0.312805
0.837777
0.613046
0.481824
0.829943
0.940483
0.202132
0.339240
0.668615
0.014974
0.171045
0.908168
0.799536
0.454364
0.754711
0.232558
0.035895
0.796559
0.963654
0.479692
0.456279
0.402882
0.439181
0.867659
0.835502
0.984238
0.952044
0.007835
0.283735
0.599089
0.135022
0.823404
0.139515
0.750527
0.384950
0.307366
0.763271
0.201882
0.742654
0.370034
0.314114
0.233527
0.765795
0.214004
0.958489
0.103171
0.395970
0.209604
0.615220
0.226169
0.924536
# Row 49
0.349399
0.163527
0.042767
0.859074
0.588366
0.670279
0.120223
0.652255
0.856532
0.287363
0.887175
0.386047
0.221447
0.952414
0.606221
0.005967
0.614717
0.334752
0.052432
0.112636
0.084414
0.807284
0.627468
0.571733
0.635783
0.814158
0.751306
0.870014
0.146822
0.328327
0.739690
0.686142
0.441618
0.153992
0.601644
0.163340
0.549630
0.392687
0.337377
0.859327
0.228179
0.240736
0.145326
0.941598
0.561320
0.467950
0.173762
0.417143
0.532176
0.005961
0.996250
0.700246
0.886882
0.378938
0.223397
0.685771
0.934029
0.584014
0.660944
0.404525
0.549271
0.084136
0.214628
0.878937
0.054336
0.938108
0.556879
0.698750
0.614747
0.652973
0.093856
0.216097
0.730957
0.009769
0.391212
0.875777
0.491491
0.057972
0.274257
0.699353
0.799979
0.385086
0.856668
0.120799
0.395157
0.099927
0.768729
0.407522
0.346173
0.190927
0.551454
0.614982
0.845525
0.769617
0.210158
0.127721
0.637230
0.435266
0.136528
0.186937
# Row 50
0.735181
0.616125
0.321641
0.637950
0.210896
0.287979
0.006267
0.333850
0.594157
0.239746
0.615146
0.978607
0.745310
0.861970
0.167505
0.599105
0.163715
0.856514
0.969157
0.606524
0.410193
0.899182
0.597112
0.489553
0.287981
0.991756
0.264155
0.412016
0.370187
0.392059
0.079743
0.343082
0.433875
0.751687
0.439380
0.197606
0.991526
0.578212
0.415044
0.815964
0.857807
0.794890
0.175126
0.366508
0.089336
0.934557
0.927605
0.949488
0.551861
0.079650
0.901884
0.249609
0.245281
0.766904
0.413092
0.096649
0.622685
0.698444
0.990999
0.711599
0.823858
0.741934
0.010458
0.342252
0.683086
0.627501
0.791025
0.420079
0.820565
0.240764
0.002843
0.433530
0.169322
0.017200
0.639846
0.435872
0.086275
0.726745
0.218674
0.653446
0.236336
0.728162
0.104647
0.588437
0.789549
0.414883
0.529738
0.515124
0.028693
0.178256
0.480167
0.437201
0.202242
0.406243
0.924364
0.633398
0.676757
0.207338
0.010234
0.487783
# Row 51
0.023638
0.107920
0.771630
0.638254
0.325597
0.589392
0.388392
0.731494
0.494497
0.197646
0.186385
0.534982
0.868446
0.025840
0.840515
0.507179
0.494757
0.611816
0.855123
0.487146
0.826968
0.939148
0.495607
0.146356
0.667299
0.036709
0.289151
0.601004
0.997416
0.152446
0.810571
0.855798
0.365022
0.164886
0.234230
0.923827
0.064703
0.588749
0.530547
0.816086
0.879654
0.542249
0.884769
0.533576
0.375735
0.452439
0.038473
0.530365
0.978082
0.175945
0.625881
0.293707
0.458798
0.966054
0.975883
0.044408
0.245602
0.199293
0.258046
0.574395
0.677606
0.626998
0.701473
0.777288
0.115425
0.797137
0.046806
0.000276
0.616573
0.121670
0.494832
0.351352
0.749845
0.283493
0.483888
0.074827
0.408178
0.488578
0.409787
0.990879
0.130907
0.693103
0.346330
0.352805
0.233757
0.857392
0.335119
0.770675
0.817010
0.499469
0.496624
0.684703
0.655855
0.107451
0.130004
0.239083
0.826802
0.104168
0.879613
0.940965
# Row 52
0.273229
0.087132
0.667334
0.714240
0.022806
0.555744
0.340790
0.538741
0.428911
0.614554
0.240144
0.858115
0.184652
0.551175
0.215862
0.040270
0.347187
0.340476
0.064705
0.969766
0.685380
0.148906
0.122900
0.069485
0.127161
0.695807
0.548397
0.807410
0.314191
0.779653
0.026043
0.802251
0.478528
0.569051
0.581312
0.648331
0.325136
0.079681
0.433739
0.325683
0.949491
0.063055
0.357584
0.726294
0.233631
0.790951
0.544633
0.233257
0.667219
0.665831
0.135798
0.148062
0.231306
0.473551
0.260706
0.925000
0.288024
0.436784
0.907362
0.883784
0.344589
0.058006
0.249939
0.215807
0.937448
0.357556
0.157578
0.450398
0.623554
0.328583
0.659737
0.019979
0.409690
0.825782
0.776203
0.462922
0.714939
0.273398
0.657515
0.076384
0.791322
0.380418
0.702600
0.315344
0.146892
0.863127
0.706347
0.906145
0.976003
0.138888
0.075189
0.871051
0.532859
0.227352
0.371204
0.453587
0.244905
0.099163
0.495674
0.192115
# Row 53
0.688188
0.386030
0.495315
0.151179
0.201811
0.413983
0.515642
0.017426
0.345375
0.663332
0.786346
0.470537
0.872379
0.979768
0.606415
0.911581
0.752554
0.662033
0.208541
0.374040
0.703801
0.199399
0.682627
0.749595
0.944661
0.208903
0.089677
0.465457
0.534094
0.575860
0.715814
0.476920
0.887888
0.995001
0.520616
0.052972
0.339548
0.872878
0.096359
0.889924
0.015391
0.729496
0.450447
0.784322
0.714306
0.939012
0.180488
0.518878
0.895855
0.501644
0.861632
0.991275
0.587884
0.933256
0.893543
0.563694
0.906421
0.702743
0.547302
0.389482
0.644371
0.613095
0.351619
0.232046
0.817583
0.298385
0.306754
0.319763
0.271368
0.550012
0.210679
0.760169
0.140075
0.461046
0.825434
0.288182
0.637188
0.622827
0.855630
0.858573
0.932369
0.574030
0.112099
0.164812
0.671637
0.905854
0.601364
0.318037
0.522330
0.400013
0.128572
0.034862
0.308658
0.116676
0.793626
0.035691
0.257656
0.770898
0.166450
0.360899
# Row 54
0.338428
0.117491
0.069624
0.776639
0.967165
0.500444
0.600298
0.811163
0.611956
0.574286
0.066619
0.573496
0.288580
0.347070
0.878328
0.836543
0.143039
0.769740
0.551300
0.784389
0.398373
0.761506
0.999257
0.837531
0.860385
0.738566
0.283585
0.479358
0.965360
0.842403
0.267962
0.552555
0.377023
0.348143
0.925530
0.005786
0.342098
0.392756
0.822774
0.120338
0.164594
0.682611
0.959380
0.295385
0.106809
0.220979
0.283683
0.121502
0.946882
0.105225
0.888348
0.718428
0.073392
0.862674
0.883410
0.788411
0.959958
0.671598
0.959531
0.065345
0.798259
0.712636
0.612281
0.487282
0.965563
0.145576
0.270440
0.541443
0.430078
0.151356
0.232994
0.522892
0.549871
0.729834
0.398958
0.497448
0.472171
0.626238
0.502844
0.293739
0.291511
0.764892
0.631079
0.986721
0.657173
0.805027
0.578658
0.834320
0.840765
0.073085
0.451638
0.139395
0.669707
0.857344
0.373621
0.821198
0.816086
0.328142
0.210280
0.774384
# Row 55
0.895192
0.640033
0.585409
0.190855
0.694613
0.816367
0.778256
0.632099
0.721569
0.062931
0.221436
0.619844
0.550103
0.222018
0.571200
0.103867
0.175574
0.193954
0.709770
0.251538
0.574708
0.617342
0.528860
0.358495
0.836349
0.725822
0.103183
0.218846
0.810295
0.666813
0.514816
0.322045
0.036545
0.271515
0.459009
0.708501
0.410500
0.165475
0.127569
0.053830
0.334714
0.581487
0.208934
0.540129
0.056470
0.422900
0.098910
0.679792
0.122676
0.182937
0.220513
0.492031
0.857266
0.677115
0.296346
0.193843
0.017663
0.129860
0.296199
0.895706
0.180137
0.676955
0.843395
0.118394
0.381430
0.522386
0.055809
0.342393
0.376398
0.806654
0.024888
0.227256
0.907178
0.204835
0.504850
0.697470
0.295402
0.643085
0.454019
0.277204
0.719973
0.584183
0.103783
0.002325
0.812093
0.633912
0.443642
0.968957
0.847523
0.824098
0.822266
0.258361
0.332898
0.664017
0.646460
0.163965
0.235532
0.764420
0.487624
0.534093
# Row 56
0.390218
0.637920
0.806996
0.720307
0.705480
0.791952
0.718204
0.313802
0.987532
0.847508
0.902867
0.179196
0.382584
0.545652
0.870016
0.515044
0.315143
0.817242
0.043669
0.932955
0.157806
0.777783
0.718952
0.142322
0.820845
0.523120
0.242857
0.436044
0.690156
0.912311
0.051125
0.115523
0.390311
0.367001
0.581331
0.482582
0.304196
0.842833
0.940273
0.414267
0.568741
0.054536
0.341012
0.567018
0.892507
0.294499
0.253891
0.313100
0.338333
0.572763
0.402487
0.868978
0.594017
0.637933
0.848688
0.147504
0.955391
0.792553
0.572910
0.459009
0.586495
0.387821
0.991177
0.746983
0.746391
0.831435
0.538647
0.908850
0.805113
0.744852
0.770622
0.399026
0.564083
0.203922
0.821703
0.607994
0.778891
0.446915
0.659298
0.966539
0.812726
0.959332
0.459836
0.737778
0.062954
0.883914
0.918940
0.571365
0.565790
0.461181
0.127294
0.034837
0.936926
0.900323
0.252452
0.077826
0.319991
0.197576
0.066443
0.187718
# Row 57
0.138404
0.960545
0.956417
0.462721
0.356257
0.028655
0.510134
0.953598
0.405356
0.384381
0.842603
0.042043
0.511258
0.574966
0.240466
0.856460
0.512403
0.173410
0.365660
0.439700
0.402369
0.029751
0.551670
0.633748
0.303331
0.543759
0.719331
0.129794
0.794450
0.538504
0.163177
0.435450
0.945833
0.656782
0.145020
0.361595
0.848595
0.430731
0.563479
0.147693
0.264328
0.196328
0.334186
0.285094
0.450987
0.011702
0.856233
0.112378
0.542858
0.379813
0.600026
0.135084
0.684283
0.326107
0.427117
0.945028
0.632460
0.709998
0.444083
0.402999
0.774428
0.290846
0.653268
0.114942
0.546004
0.275360
0.249865
0.028273
0.522588
0.860814
0.436712
0.444915
0.978413
0.689193
0.098257
0.774785
0.314877
0.439372
0.558998
0.712191
0.351283
0.821013
0.118452
0.122982
0.291813
0.574317
0.726338
0.087990
0.048317
0.318605
0.363324
0.204569
0.154959
0.090496
0.702869
0.239854
0.481624
0.544997
0.929610
0.534186
# Row 58
0.389948
0.201817
0.114200
0.539222
0.508807
0.961898
0.930964
0.551292
0.393114
0.818277
0.344283
0.966069
0.506896
0.179590
0.975891
0.275507
0.103184
0.217699
0.445649
0.983101
0.101582
0.863011
0.002766
0.699952
0.260028
0.487247
0.136425
0.863900
0.148813
0.434726
0.680581
0.899671
0.339189
0.656384
0.767084
0.702597
0.070723
0.047719
0.096771
0.216008
0.543948
0.240774
0.605730
0.607067
0.058988
0.614422
0.122407
0.292838
0.975919
0.995753
0.912746
0.383262
0.976061
0.773098
0.670232
0.186864
0.250685
0.038326
0.054017
0.355288
0.008432
0.548706
0.042485
0.251706
0.376752
0.138273
0.336444
0.833907
0.255868
0.122573
0.703127
0.004319
0.674076
0.901762
0.340326
0.145638
0.476771
0.563689
0.103039
0.722294
0.872725
0.775008
0.270259
0.065245
0.152169
0.594177
0.636967
0.091911
0.302688
0.280840
0.249482
0.956328
0.879457
0.462434
0.417416
0.829320
0.262653
0.667654
0.542231
0.917914
# Row 59
0.861933
0.779704
0.313408
0.831051
0.238547
0.198077
0.404420
0.759321
0.921266
0.739294
0.620941
0.075064
0.631911
0.633764
0.635084
0.681283
0.027444
0.482387
0.807222
0.189851
0.053673
0.083121
0.929313
0.128183
0.814364
0.500360
0.002131
0.336644
0.040665
0.270310
0.818000
0.394449
0.929125
0.870780
0.298143
0.808564
0.260201
0.456798
0.320510
0.217571
0.349206
0.812681
0.463804
0.540590
0.882330
0.700750
0.433495
0.770827
0.994093
0.516487
0.376121
0.545522
0.819865
0.874982
0.232346
0.180783
0.056568
0.454914
0.333617
0.143632
0.963033
0.880742
0.671406
0.937743
0.483732
0.413393
0.424526
0.737506
0.368641
0.792452
0.134823
0.341751
0.948986
0.292061
0.293558
0.798614
0.602866
0.247678
0.412040
0.432442
0.473567
0.326066
0.975813
0.678424
0.082310
0.256882
0.050224
0.687901
0.579876
0.746938
0.947931
0.834426
0.309715
0.749180
0.970497
0.145902
0.488709
0.064968
0.184204
0.070225
# Row 60
0.358737
0.593132
0.825666
0.500281
0.408635
0.091051
0.799359
0.428873
0.826435
0.535717
0.824217
0.155875
0.408169
0.536149
0.809897
0.449951
0.742645
0.487988
0.648642
0.187368
0.709980
0.527520
0.652332
0.603384
0.602161
0.852507
0.655772
0.640554
0.501304
0.663072
0.359345
0.846827
0.768656
0.135512
0.762568
0.638942
0.515826
0.288711
0.713852
0.418456
0.988533
0.915857
0.292930
0.314273
0.709694
0.528218
0.276135
0.173294
0.648397
0.353152
0.589378
0.666465
0.327976
0.221239
0.910678
0.998763
0.711618
0.809082
0.378037
0.076644
0.537714
0.332142
0.326993
0.103907
0.977431
0.828779
0.716194
0.346335
0.589906
0.580990
0.192722
0.266811
0.420306
0.683193
0.848730
0.816552
0.165098
0.017629
0.577448
0.445983
0.887814
0.908792
0.453097
0.332455
0.155921
0.010817
0.842122
0.514059
0.361968
0.797470
0.562030
0.562384
0.644767
0.656602
0.601698
0.255922
0.322050
0.587464
0.919046
0.454497
# Row 61
0.245972
0.923581
0.057519
0.188417
0.486153
0.185110
0.643832
0.419933
0.299201
0.947448
0.821184
0.205098
0.354223
0.607675
0.862947
0.168282
0.624413
0.763172
0.333077
0.527003
0.527101
0.979083
0.395831
0.989361
0.678643
0.420405
0.116433
0.949227
0.734092
0.833185
0.676944
0.674677
0.990968
0.866180
0.401768
0.913105
0.865863
0.683369
0.841916
0.202629
0.694416
0.198684
0.106676
0.505128
0.079929
0.302615
0.308924
0.773418
0.822211
0.896878
0.762466
0.086210
0.222808
0.924721
0.246056
0.772808
0.790621
0.412963
0.741789
0.888764
0.395880
0.625285
0.031289
0.768261
0.151815
0.078148
0.060362
0.584040
0.481280
0.470111
0.183715
0.696681
0.267517
0.616928
0.101079
0.518493
0.839632
0.629065
0.273028
0.989873
0.027876
0.691040
0.840256
0.045487
0.193220
0.545025
0.998828
0.502018
0.119855
0.801498
0.543451
0.137411
0.916169
0.420393
0.972103
0.752860
0.635574
0.565587
0.442233
0.253352
# Row 62
0.567500
0.737754
0.728368
0.180966
0.003434
0.855407
0.603485
0.258718
0.523389
0.266628
0.155200
0.813355
0.323457
0.535563
0.059270
0.045800
0.991770
0.024835
0.826531
0.000926
0.193191
0.569790
0.277956
0.387985
0.525374
0.960876
0.701858
0.643549
0.021641
0.079814
0.226302
0.475433
0.388600
0.702809
0.270576
0.634348
0.646074
0.534433
0.597324
0.526263
0.779094
0.579465
0.500028
0.089594
0.790190
0.622835
0.260276
0.844892
0.956683
0.261447
0.880349
0.298838
0.532004
0.523337
0.626733
0.707900
0.790314
0.792206
0.450075
0.229268
0.485969
0.217246
0.420721
0.497885
0.097900
0.483591
0.933521
0.848989
0.846187
0.217265
0.291042
0.577013
0.424502
0.135614
0.024255
0.495815
0.786247
0.580815
0.810373
0.494561
0.581008
0.306788
0.408576
0.011329
0.966076
0.360915
0.668423
0.256484
0.348502
0.909231
0.338718
0.384372
0.057330
0.710695
0.285382
0.550122
0.242752
0.231845
0.437573
0.203819
# Row 63
0.266248
0.702379
0.647063
0.013419
0.128774
0.605215
0.945045
0.307370
0.806506
0.547525
0.894634
0.865591
0.777168
0.313490
0.800721
0.631279
0.154494
0.312552
0.089482
0.474949
0.161956
0.031351
0.798360
0.415344
0.705593
0.412055
0.617717
0.729633
0.413864
0.018272
0.544785
0.598161
0.142381
0.132136
0.899031
0.398300
0.863558
0.537637
0.109052
0.449527
0.424349
0.186948
0.421057
0.020343
0.536055
0.484871
0.057381
0.230083
0.813592
0.843902
0.633062
0.249022
0.790546
0.006602
0.035130
0.942662
0.762051
0.466415
0.901776
0.985900
0.539150
0.971965
0.179155
0.045509
0.803307
0.417865
0.557336
0.091298
0.623604
0.517516
0.422252
0.334415
0.815503
0.146340
0.038774
0.933000
0.480644
0.528821
0.185908
0.069006
0.151914
0.927027
0.286177
0.544228
0.184870
0.844644
0.048446
0.817818
0.171768
0.177559
0.820588
0.701969
0.322122
0.173750
0.722682
0.427466
0.646331
0.481348
0.402915
0.807994
# Row 64
0.916901
0.199699
0.080569
0.983124
0.363900
0.454934
0.769556
0.057467
0.814146
0.115601
0.021843
0.620701
0.012216
0.377589
0.705148
0.013829
0.498667
0.878659
0.699525
0.575502
0.077958
0.064889
0.631800
0.373682
0.324801
0.803433
0.987195
0.907837
0.070354
0.812710
0.969342
0.401671
0.524355
0.723091
0.101277
0.932962
0.849579
0.364065
0.752592
0.242931
0.162691
0.839538
0.976146
0.500877
0.220492
0.758441
0.379329
0.079425
0.420751
0.556151
0.330682
0.920932
0.238401
0.611742
0.906599
0.886561
0.195163
0.040954
0.361971
0.506878
0.865916
0.844720
0.013193
0.367743
0.028994
0.003410
0.655183
0.429870
0.718608
0.128692
0.602557
0.497073
0.812537
0.184637
0.208195
0.810125
0.642036
0.349629
0.033117
0.984204
0.526483
0.358657
0.435394
0.752349
0.773883
0.205118
0.131915
0.890354
0.539124
0.221446
0.637126
0.335704
0.562276
0.643493
0.472693
0.570835
0.614704
0.404851
0.699592
0.405989
# Row 65
0.935048
0.230329
0.880949
0.096942
0.841820
0.994090
0.724575
0.385908
0.444535
0.684801
0.766240
0.318850
0.148777
0.350358
0.879168
0.218666
0.748673
0.766816
0.675910
0.771227
0.937046
0.744203
0.002790
0.990846
0.231516
0.415601
0.414652
0.694524
0.634495
0.290650
0.412054
0.742388
0.914941
0.541381
0.180718
0.547477
0.646825
0.943696
0.903640
0.464694
0.068191
0.154022
0.432326
0.520114
0.268630
0.855602
0.171166
0.312265
0.083031
0.575973
0.616738
0.721625
0.604776
0.235549
0.724070
0.608972
0.249685
0.331591
0.469671
0.913726
0.448304
0.952560
0.924889
0.316945
0.042333
0.930890
0.324173
0.887692
0.362796
0.519188
0.945868
0.254258
0.402875
0.172989
0.755760
0.842031
0.925187
0.765329
0.286634
0.496966
0.297741
0.783009
0.934596
0.407780
0.199226
0.465620
0.991781
0.081761
0.514963
0.165907
0.255636
0.289750
0.030322
0.419232
0.860503
0.337386
0.267328
0.811684
0.174167
0.844517
# Row 66
0.679272
0.997464
0.749984
0.916130
0.672317
0.418662
0.686811
0.299800
0.645339
0.972408
0.540093
0.871137
0.590681
0.114985
0.567049
0.734880
0.268467
0.519047
0.448973
0.930934
0.622867
0.253220
0.289490
0.388008
0.845858
0.643498
0.167468
0.459478
0.286168
0.128930
0.558569
0.334289
0.549956
0.931722
0.714873
0.458204
0.525318
0.631294
0.495049
0.086319
0.392847
0.435873
0.009325
0.365971
0.745425
0.272355
0.827644
0.209889
0.846373
0.719547
0.893226
0.343441
0.498482
0.261163
0.887292
0.618370
0.497729
0.568567
0.757401
0.190381
0.803351
0.290099
0.808014
0.811909
0.297118
0.640510
0.967269
0.037507
0.833999
0.482871
0.101040
0.961374
0.537004
0.374069
0.010132
0.478910
0.371873
0.517137
0.687798
0.402030
0.691782
0.808422
0.654737
0.866800
0.985725
0.279472
0.552550
0.798187
0.642187
0.573123
0.442614
0.077158
0.375782
0.536337
0.406930
0.967643
0.610527
0.200671
0.515233
0.173114
# Row 67
0.699083
0.011957
0.146326
0.113488
0.340821
0.086707
0.121881
0.042237
0.978912
0.952482
0.421970
0.000920
0.672193
0.876959
0.150181
0.264602
0.893640
0.725538
0.352837
0.437967
0.674371
0.795330
0.674548
0.180431
0.338942
0.255231
0.257857
0.271594
0.940910
0.444203
0.827404
0.369232
0.162206
0.124941
0.301676
0.994424
0.468752
0.905819
0.263829
0.526810
0.379110
0.993652
0.116114
0.972363
0.792000
0.552743
0.112356
0.032163
0.999725
0.566355
0.784694
0.249703
0.683298
0.835741
0.582987
0.333208
0.315106
0.735001
0.059039
0.865817
0.787952
0.459020
0.338033
0.648428
0.125254
0.663703
0.313635
0.626342
0.013942
0.775623
0.322224
0.380966
0.925443
0.530403
0.539418
0.311797
0.365246
0.939873
0.995607
0.072338
0.510289
0.356888
0.626809
0.377864
0.176378
0.339120
0.816056
0.684855
0.803576
0.860077
0.295295
0.304096
0.382816
0.093623
0.377801
0.495021
0.976743
0.539670
0.289334
0.881615
# Row 68
0.545013
0.961295
0.828200
0.904571
0.080050
0.280778
0.879313
0.895399
0.832919
0.813084
0.057041
0.031486
0.477842
0.594833
0.281473
0.853037
0.073462
0.955162
0.680999
0.030228
0.352960
0.248099
0.342181
0.639379
0.265205
0.965674
0.030420
0.708630
0.425220
0.434290
0.719600
0.235305
0.672380
0.386647
0.186436
0.158233
0.815017
0.836301
0.839775
0.928847
0.724769
0.565772
0.613504
0.795596
0.675512
0.891794
0.104329
0.768225
0.470424
0.178127
0.085736
0.423965
0.815469
0.328315
0.183426
0.358867
0.254948
0.474478
0.415006
0.667874
0.039698
0.565904
0.740335
0.490288
0.634094
0.100705
0.954615
0.407664
0.345201
0.898583
0.602903
0.493738
0.265669
0.411936
0.974361
0.646569
0.428502
0.460862
0.222394
0.677809
0.672273
0.565371
0.781201
0.579924
0.183254
0.861386
0.241649
0.666756
0.318116
0.317372
0.894244
0.504230
0.997124
0.023037
0.132182
0.975037
0.401218
0.373207
0.673646
0.603208
# Row 69
0.693077
0.207325
0.153776
0.691656
0.126494
0.342010
0.550042
0.578652
0.902568
0.420599
0.340359
0.719154
0.995795
0.834796
0.404472
0.555790
0.506772
0.400597
0.822364
0.614642
0.827681
0.010016
0.708330
0.686051
0.536879
0.164075
0.558469
0.714065
0.802742
0.918989
0.748682
0.394518
0.585620
0.659740
0.468596
0.885911
0.819540
0.332620
0.636373
0.275032
0.349535
0.415433
0.035184
0.956883
0.841729
0.341189
0.822662
0.222829
0.395179
0.194481
0.671254
0.579579
0.718687
0.910598
0.534689
0.512736
0.622305
0.583371
0.541437
0.071023
0.170015
0.751296
0.880909
0.180390
0.183215
0.121370
0.066110
0.540917
0.238471
0.310230
0.374695
0.244588
0.809839
0.052450
0.038957
0.449799
0.536466
0.431489
0.277613
0.020802
0.598764
0.030835
0.144742
0.589791
0.037974
0.247937
0.473485
0.019053
0.309268
0.143738
0.676749
0.364448
0.000722
0.163984
0.550126
0.693754
0.140603
0.428318
0.422313
0.159237
# Row 70
0.842797
0.368706
0.387753
0.618791
0.772110
0.654607
0.010048
0.540467
0.443295
0.178937
0.831354
0.498036
0.173404
0.522159
0.493830
0.998043
0.388414
0.653499
0.958903
0.789632
0.321748
0.575363
0.586276
0.956181
0.142382
0.342636
0.048094
0.621826
0.499858
0.080876
0.748432
0.816282
0.986885
0.740779
0.591375
0.108771
0.289772
0.830336
0.292536
0.867452
0.843163
0.996151
0.612352
0.136646
0.727054
0.332489
0.761223
0.002669
0.767692
0.697313
0.096216
0.183594
0.334462
0.141114
0.109171
0.312423
0.995383
0.104586
0.562677
0.761405
0.915386
0.128570
0.632192
0.792667
0.893500
0.023419
0.681929
0.622531
0.054689
0.359560
0.163923
0.600213
0.084978
0.627099
0.362535
0.962921
0.248272
0.845641
0.791742
0.516252
0.301608
0.927798
0.924634
0.469356
0.462523
0.868267
0.231220
0.537464
0.235548
0.267841
0.812759
0.209342
0.710970
0.746607
0.042366
0.804218
0.771878
0.157117
0.799563
0.042325
# Row 71
0.927828
0.896124
0.071123
0.396652
0.505439
0.017975
0.785106
0.442862
0.016768
0.774861
0.856004
0.881966
0.371922
0.915497
0.105932
0.369578
0.458118
0.846627
0.252471
0.880058
0.556229
0.148919
0.733947
0.088147
0.268834
0.003724
0.196598
0.329643
0.580329
0.659062
0.867219
0.662185
0.426967
0.986615
0.354739
0.583321
0.618395
0.566990
0.193130
0.162872
0.095994
0.213880
0.387396
0.937572
0.638716
0.800708
0.538862
0.516274
0.114235
0.093062
0.693157
0.712459
0.929935
0.689584
0.715044
0.306769
0.250744
0.321450
0.792518
0.535853
0.933372
0.610239
0.105441
0.785611
0.671423
0.905604
0.961615
0.058285
0.073741
0.253062
0.958905
0.795613
0.907752
0.629378
0.332325
0.927064
0.457299
0.845038
0.399342
0.316077
0.375401
0.482442
0.437882
0.482109
0.889490
0.712494
0.885318
0.856522
0.151141
0.124769
0.102128
0.300944
0.653401
0.896423
0.222955
0.983412
0.283820
0.807285
0.645675
0.416639
# Row 72
0.885842
0.143416
0.264117
0.851010
0.388846
0.294850
0.613747
0.759985
0.189637
0.486844
0.106432
0.725659
0.655470
0.244984
0.618106
0.135988
0.328724
0.805756
0.952543
0.142170
0.682300
0.184195
0.429478
0.834830
0.466884
0.203082
0.783030
0.511704
0.748879
0.693523
0.157039
0.798687
0.431485
0.780089
0.650770
0.712415
0.229760
0.665884
0.207980
0.118383
0.910320
0.400597
0.714084
0.437309
0.862427
0.530005
0.732894
0.517617
0.322692
0.336377
0.091822
0.848169
0.491526
0.149246
0.431619
0.397539
0.345091
0.264192
0.245625
0.390069
0.729250
0.698312
0.919419
0.960767
0.717368
0.945341
0.872906
0.457924
0.695363
0.196839
0.334802
0.911439
0.007050
0.060140
0.228684
0.974666
0.630235
0.536075
0.507966
0.236714
0.467428
0.092636
0.385196
0.840064
0.710378
0.773331
0.802834
0.615159
0.989351
0.864944
0.185315
0.639864
0.838365
0.188628
0.695806
0.068745
0.417119
0.305972
0.549097
0.966858
# Row 73
0.527655
0.098932
0.260821
0.577736
0.175671
0.305860
0.352361
0.198611
0.257708
0.707584
0.993009
0.511514
0.239227
0.055349
0.312026
0.601044
0.835924
0.330037
0.822159
0.893441
0.960849
0.098375
0.184998
0.182692
0.370329
0.181705
0.742424
0.714154
0.177843
0.436548
0.115725
0.811391
0.430535
0.539733
0.216135
0.735199
0.309725
0.415762
0.152091
0.723310
0.854410
0.497712
0.397283
0.483737
0.873461
0.798051
0.790165
0.703654
0.444032
0.720830
0.264175
0.429066
0.954945
0.375893
0.905384
0.899022
0.486842
0.578700
0.950974
0.652998
0.696201
0.721529
0.581040
0.433338
0.636603
0.784066
0.924267
0.678678
0.784540
0.180451
0.154571
0.742418
0.193599
0.197804
0.163501
0.506221
0.262924
0.016074
0.267909
0.816656
0.234684
0.774153
0.173091
0.318556
0.720028
0.691710
0.830263
0.346972
0.361146
0.714780
0.479164
0.767204
0.064027
0.636307
0.580001
0.106104
0.055999
0.776310
0.245388
0.225199
# Row 74
0.635850
0.482021
0.366886
0.765440
0.772187
0.333154
0.779999
0.903200
0.375708
0.684541
0.366723
0.747055
0.909329
0.235940
0.000100
0.264850
0.120901
0.641186
0.187558
0.641246
0.779012
0.725600
0.369503
0.748739
0.883464
0.907145
0.229895
0.181779
0.507266
0.664117
0.432812
0.406860
0.132945
0.876847
0.722944
0.764239
0.577743
0.125191
0.831174
0.703250
0.692617
0.345260
0.574754
0.017282
0.380263
0.951526
0.604023
0.381534
0.846698
0.693075
0.546157
0.992228
0.696750
0.230199
0.656397
0.006375
0.651644
0.050033
0.286743
0.123400
0.530243
0.763525
0.502784
0.511393
0.246352
0.682288
0.455702
0.229717
0.062520
0.520077
0.786216
0.844886
0.164098
0.022525
0.491129
0.477520
0.812043
0.738972
0.615228
0.594728
0.263330
0.215680
0.588525
0.405228
0.256259
0.830299
0.461511
0.295117
0.914889
0.788436
0.102481
0.822362
0.280999
0.465488
0.217534
0.970378
0.510048
0.067292
0.895170
0.638633
# Row 75
0.824517
0.283706
0.026116
0.354810
0.186720
0.267826
0.121024
0.453204
0.994925
0.453793
0.662836
0.142624
0.910467
0.756909
0.559100
0.039889
0.757099
0.926007
0.577418
0.568283
0.692450
0.849959
0.882926
0.700986
0.008789
0.583801
0.181631
0.595110
0.778210
0.646909
0.192196
0.830593
0.495569
0.663112
0.608952
0.998826
0.099171
0.833461
0.721521
0.927664
0.550348
0.745090
0.965203
0.672691
0.143043
0.078247
0.888471
0.729751
0.085599
0.347927
0.039534
0.552239
0.669774
0.641913
0.746522
0.100251
0.615046
0.644444
0.551600
0.660128
0.376480
0.080712
0.468034
0.795186
0.336473
0.114286
0.273463
0.905402
0.697793
0.475062
0.698245
0.259931
0.468432
0.003091
0.783690
0.436522
0.417303
0.442623
0.493330
0.161966
0.101000
0.305675
0.186321
0.543799
0.661302
0.305791
0.083871
0.452666
0.794400
0.616318
0.858833
0.334399
0.147782
0.175118
0.889689
0.369283
0.039142
0.596390
0.180899
0.661894
# Row 76
0.271648
0.383015
0.052787
0.937694
0.477518
0.998098
0.239704
0.082353
0.721370
0.656190
0.252216
0.217173
0.478621
0.152805
0.707786
0.930269
0.842803
0.650646
0.718035
0.740320
0.257734
0.583401
0.445776
0.960155
0.892656
0.989627
0.171050
0.344488
0.235790
0.932388
0.895152
0.383424
0.657113
0.742798
0.880894
0.865422
0.745739
0.710840
0.995032
0.545224
0.650355
0.364012
0.157031
0.969529
0.510061
0.468135
0.182251
0.932157
0.253231
0.465378
0.365632
0.738066
0.537267
0.858301
0.015397
0.679387
0.704125
0.446951
0.999797
0.484745
0.215148
0.736074
0.101177
0.254413
0.812007
0.924220
0.421458
0.687633
0.414617
0.854231
0.295449
0.534806
0.625983
0.099653
0.640344
0.846898
0.360433
0.953486
0.601412
0.068532
0.066121
0.709927
0.898705
0.541879
0.873670
0.037218
0.793935
0.908003
0.697101
0.947066
0.890093
0.954108
0.345714
0.405518
0.561681
0.042774
0.409248
0.799565
0.156275
0.647321
# Row 77
0.464694
0.586537
0.877608
0.120878
0.760770
0.588674
0.578470
0.451188
0.282629
0.647822
0.383668
0.845049
0.130512
0.085372
0.907376
0.882360
0.685210
0.496312
0.806937
0.157627
0.632311
0.485158
0.961059
0.654656
0.706033
0.682902
0.812101
0.086755
0.950045
0.690644
0.460587
0.479548
0.413198
0.915945
0.239210
0.916467
0.866712
0.806038
0.470337
0.538856
0.288611
0.957796
0.375748
0.164616
0.281401
0.482937
0.063276
0.723401
0.118933
0.829479
0.768563
0.705072
0.934767
0.773482
0.141029
0.974574
0.422006
0.280778
0.093864
0.254447
0.896620
0.444758
0.304407
0.840177
0.343730
0.296543
0.772463
0.358635
0.108517
0.287419
0.292127
0.661562
0.777742
0.004711
0.342601
0.960732
0.919731
0.811898
0.783765
0.646002
0.183869
0.727534
0.084187
0.609451
0.606752
0.867123
0.297579
0.446386
0.211232
0.074724
0.025928
0.375940
0.324456
0.139554
0.504628
0.769776
0.767996
0.915703
0.260813
0.586933
# Row 78
0.801367
0.194418
0.527706
0.966980
0.622140
0.787871
0.445582
0.553471
0.361912
0.706406
0.696926
0.517248
0.966273
0.798791
0.466268
0.576963
0.535354
0.793666
0.793353
0.815344
0.634385
0.362405
0.514595
0.648141
0.594084
0.916803
0.027905
0.692670
0.819559
0.172872
0.238958
0.419500
0.853205
0.633686
0.874829
0.659765
0.209070
0.664357
0.208908
0.228126
0.458861
0.611209
0.407342
0.944443
0.426901
0.831065
0.663507
0.173320
0.694516
0.686772
0.967651
0.017978
0.553613
0.689045
0.401621
0.512244
0.542396
0.445075
0.844327
0.451151
0.279627
0.849767
0.716149
0.926830
0.351562
0.729952
0.127128
0.622680
0.940361
0.645194
0.474405
0.536511
0.984594
0.746282
0.062656
0.014397
0.280305
0.995065
0.803288
0.883837
0.741631
0.923659
0.043817
0.570790
0.297977
0.739304
0.350597
0.503858
0.693492
0.511321
0.831862
0.874845
0.934871
0.471980
0.762769
0.103185
0.794905
0.952957
0.731883
0.697873
# Row 79
0.688862
0.007935
0.844530
0.820917
0.294327
0.450361
0.220911
0.817869
0.456177
0.489204
0.847391
0.521178
0.508652
0.766490
0.962393
0.869123
0.035919
0.795559
0.471609
0.575794
0.989056
0.241362
0.231596
0.385232
0.767277
0.361985
0.460186
0.135669
0.468528
0.198297
0.523574
0.128319
0.711918
0.725641
0.113675
0.460721
0.752126
0.403389
0.518670
0.259170
0.642704
0.125810
0.660998
0.480757
0.887754
0.007667
0.640066
0.896167
0.854757
0.262593
0.184188
0.393502
0.538265
0.449287
0.153734
0.135329
0.476026
0.883555
0.713901
0.770960
0.464966
0.122170
0.133209
0.659408
0.521890
0.212277
0.187755
0.341658
0.428079
0.227866
0.639920
0.650918
0.411974
0.358743
0.194973
0.343800
0.611506
0.119034
0.154385
0.842136
0.047217
0.758691
0.818537
0.103172
0.887231
0.615756
0.634402
0.184523
0.831405
0.377581
0.429968
0.279692
0.848941
0.230026
0.573445
0.800696
0.213699
0.884511
0.992072
0.047748
# Row 80
0.564998
0.969098
0.085757
0.593955
0.427398
0.252421
0.281420
0.328050
0.427590
0.404978
0.354269
0.133593
0.104995
0.273140
0.455035
0.072485
0.307966
0.995203
0.743219
0.208564
0.360752
0.289304
0.554695
0.518503
0.466843
0.219133
0.499473
0.747810
0.749398
0.039914
0.867469
0.275872
0.314661
0.954365
0.244848
0.642412
0.233173
0.892252
0.542536
0.086148
0.168044
0.659449
0.396294
0.372934
0.919344
0.890136
0.502030
0.104020
0.606890
0.351955
0.241649
0.244710
0.866431
0.986945
0.477630
0.589727
0.900737
0.075037
0.645703
0.464512
0.699785
0.551574
0.954756
0.973014
0.243576
0.530984
0.264677
0.253938
0.125769
0.736467
0.912727
0.351650
0.213035
0.826872
0.706755
0.688028
0.688702
0.579100
0.511910
0.621324
0.952864
0.825253
0.292144
0.972033
0.275838
0.771746
0.297831
0.598754
0.066909
0.421939
0.938217
0.424915
0.943040
0.879111
0.067421
0.696152
0.108283
0.183286
0.223579
0.525080
# Row 81
0.607454
0.409370
0.274021
0.932719
0.849171
0.166978
0.869515
0.992012
0.033347
0.551396
0.735451
0.327634
0.224750
0.423174
0.718058
0.026879
0.323438
0.579419
0.453405
0.009038
0.958934
0.626971
0.783007
0.515857
0.820395
0.896102
0.552625
0.694809
0.400181
0.528495
0.103541
0.211824
0.921843
0.435982
0.704753
0.553455
0.022334
0.423535
0.939639
0.653245
0.817077
0.683458
0.914453
0.837249
0.378512
0.645472
0.314347
0.853484
0.564832
0.872997
0.214342
0.094765
0.035283
0.158381
0.029996
0.599433
0.248835
0.033910
0.640474
0.216261
0.159891
0.691514
0.063796
0.535288
0.171489
0.418097
0.841534
0.042898
0.985052
0.496982
0.682797
0.075418
0.175933
0.506323
0.812654
0.779573
0.333840
0.735310
0.709051
0.589746
0.222860
0.227091
0.538626
0.991178
0.751453
0.697624
0.112840
0.235681
0.290831
0.241915
0.781573
0.533397
0.561151
0.558616
0.515193
0.272572
0.517489
0.151750
0.854503
0.371676
# Row 82
0.338401
0.120978
0.240462
0.687813
0.253947
0.261567
0.984925
0.875798
0.880311
0.059910
0.275556
0.488156
0.365732
0.103559
0.791620
0.842553
0.736642
0.505362
0.864508
0.065423
0.681103
0.264165
0.472866
0.195240
0.764236
0.410048
0.495353
0.632764
0.961140
0.186078
0.535854
0.036311
0.968433
0.042848
0.720878
0.845732
0.145915
0.523653
0.284746
0.488256
0.103078
0.120104
0.595635
0.371882
0.917186
0.318577
0.828742
0.547839
0.114938
0.541363
0.508648
0.353269
0.810420
0.732415
0.071748
0.000117
0.538916
0.431529
0.844597
0.418110
0.207611
0.323600
0.001655
0.291188
0.377142
0.207945
0.215820
0.141068
0.547218
0.888682
0.609967
0.142421
0.828086
0.688793
0.973276
0.626011
0.998686
0.701114
0.941420
0.603949
0.471051
0.838314
0.326728
0.190769
0.666418
0.575587
0.098468
0.191500
0.156943
0.604669
0.682667
0.970324
0.111654
0.561896
0.506938
0.728172
0.907959
0.447907
0.743122
0.623041
# Row 83
0.610653
0.229549
0.386844
0.521566
0.586835
0.578311
0.499285
0.223944
0.103646
0.442818
0.166321
0.546706
0.960574
0.629537
0.500968
0.859723
0.231465
0.245628
0.526809
0.376483
0.054068
0.476281
0.686216
0.402072
0.205346
0.976691
0.874075
0.703885
0.365774
0.172831
0.614999
0.429091
0.510317
0.017508
0.292361
0.434083
0.600651
0.536693
0.166673
0.288954
0.603685
0.639307
0.457873
0.489452
0.064774
0.730609
0.633040
0.855657
0.837546
0.259777
0.563044
0.666933
0.761588
0.306607
0.667094
0.613599
0.807857
0.046357
0.034434
0.114640
0.531497
0.567346
0.732143
0.325917
0.212503
0.210140
0.714832
0.253450
0.284510
0.772857
0.536824
0.690894
0.086915
0.522864
0.224057
0.259305
0.489912
0.674893
0.438563
0.071436
0.978186
0.559240
0.413184
0.543286
0.607429
0.096447
0.951397
0.594519
0.217257
0.917802
0.183319
0.019028
0.071142
0.790595
0.303605
0.660687
0.953640
0.205731
0.452783
0.330864
# Row 84
0.770381
0.610684
0.456449
0.178064
0.028259
0.886540
0.725490
0.631080
0.711100
0.102973
0.117370
0.641053
0.077398
0.184267
0.538501
0.941006
0.686758
0.993198
0.059315
0.510761
0.484349
0.113784
0.048185
0.608167
0.339453
0.680124
0.492448
0.222391
0.925259
0.364056
0.152119
0.880522
0.950100
0.772009
0.325310
0.544233
0.291801
0.199664
0.837782
0.158858
0.660685
0.905992
0.899558
0.943565
0.715668
0.765640
0.899330
0.059697
0.602124
0.575793
0.185750
0.076668
0.268532
0.181620
0.770143
0.023599
0.578046
0.459674
0.487198
0.513360
0.665993
0.593562
0.981564
0.837562
0.537784
0.788513
0.414735
0.330819
0.965170
0.914757
0.677175
0.105221
0.061163
0.622903
0.267321
0.267180
0.812969
0.332562
0.687157
0.394869
0.473132
0.518554
0.981720
0.712253
0.275701
0.783304
0.898738
0.522851
0.008097
0.950884
0.499061
0.930932
0.660602
0.504971
0.046396
0.188662
0.651767
0.042533
0.736914
0.564224
# Row 85
0.025946
0.465854
0.589469
0.968132
0.902630
0.591620
0.352565
0.633513
0.268804
0.936957
0.044987
0.492367
0.715650
0.133942
0.136538
0.985615
0.778173
0.727031
0.000012
0.492649
0.317554
0.788896
0.184929
0.359288
0.646041
0.631274
0.040448
0.275291
0.416071
0.936761
0.964967
0.028323
0.340111
0.458235
0.002224
0.105483
0.564758
0.354078
0.010301
0.281989
0.559286
0.594175
0.275991
0.925450
0.090544
0.294223
0.260786
0.840509
0.716649
0.440133
0.377851
0.809787
0.042880
0.141869
0.996162
0.671424
0.124544
0.214143
0.636398
0.569621
0.081411
0.692865
0.903806
0.572116
0.492517
0.549551
0.640243
0.957291
0.083308
0.815201
0.067822
0.314404
0.791242
0.040100
0.040437
0.994530
0.521945
0.232035
0.570053
0.109067
0.884200
0.383410
0.408606
0.049655
0.345328
0.434396
0.953163
0.641302
0.583754
0.056742
0.114345
0.423088
0.165724
0.279007
0.011770
0.952530
0.949399
0.522374
0.604342
0.365552
# Row 86
0.061168
0.655773
0.249661
0.999644
0.713355
0.804668
0.040904
0.649564
0.185054
0.719858
0.869467
0.809686
0.692292
0.906874
0.989003
0.042419
0.681753
0.574834
0.345717
0.766139
0.923872
0.942948
0.728655
0.287620
0.114239
0.966269
0.473040
0.712378
0.052905
0.048136
0.813390
0.491751
0.723927
0.499215
0.278326
0.238558
0.184330
0.101793
0.695767
0.135104
0.363462
0.128399
0.339001
0.730064
0.018839
0.046904
0.597328
0.276865
0.869942
0.186530
0.859123
0.498862
0.591848
0.122980
0.313097
0.909509
0.979068
0.013991
0.320842
0.593476
0.347671
0.642486
0.309645
0.832034
0.619978
0.332275
0.650825
0.688991
0.598101
0.035691
0.300977
0.858006
0.576022
0.863875
0.619568
0.795391
0.638284
0.764796
0.467898
0.651891
0.048491
0.342962
0.626109
0.390716
0.922594
0.365424
0.624255
0.995952
0.618337
0.984005
0.111429
0.984917
0.739417
0.312046
0.927360
0.830026
0.465156
0.679611
0.590961
0.050968
# Row 87
0.766060
0.623621
0.180116
0.977790
0.473235
0.684208
0.699887
0.721707
0.733718
0.126729
0.378812
0.075658
0.031201
0.306785
0.704515
0.644031
0.187235
0.075682
0.923228
0.854235
0.914841
0.183783
0.648838
0.906499
0.985579
0.392580
0.824672
0.587314
0.631899
0.032297
0.677422
0.012039
0.756320
0.135021
0.322729
0.219660
0.003176
0.394121
0.104137
0.454402
0.991028
0.925131
0.552978
0.412400
0.556012
0.772777
0.480775
0.575140
0.848386
0.980807
0.295601
0.503586
0.514238
0.738490
0.260437
0.027311
0.017973
0.078562
0.378778
0.171583
0.782952
0.030219
0.647635
0.352778
0.190015
0.247063
0.010945
0.410179
0.346952
0.419148
0.880393
0.891885
0.775068
0.241455
0.172432
0.276886
0.928464
0.114699
0.499165
0.487458
0.522464
0.880762
0.209707
0.759672
0.582766
0.791941
0.123249
0.219472
0.597486
0.144156
0.944386
0.022405
0.149588
0.898391
0.877421
0.712436
0.494620
0.516600
0.934373
0.235598
# Row 88
0.123683
0.758539
0.889840
0.394400
0.887877
0.450359
0.005926
0.176544
0.559695
0.136058
0.216838
0.454714
0.149033
0.966073
0.813166
0.791764
0.084496
0.336466
0.141055
0.147033
0.800802
0.355600
0.975452
0.954693
0.954376
0.637165
0.036413
0.514757
0.614314
0.668534
0.293285
0.722848
0.365025
0.817082
0.896768
0.578003
0.408912
0.165294
0.649809
0.501233
0.898964
0.824772
0.184647
0.514345
0.867171
0.201892
0.467704
0.652550
0.078118
0.171679
0.872287
0.390025
0.839159
0.074993
0.010192
0.259799
0.478467
0.466360
0.419265
0.553944
0.677366
0.200577
0.390075
0.943179
0.759217
0.615827
0.959350
0.893693
0.117325
0.625497
0.882177
0.860679
0.260706
0.611753
0.153736
0.771037
0.098880
0.278471
0.022255
0.280606
0.533252
0.492159
0.008688
0.603676
0.709136
0.555497
0.019382
0.404282
0.273417
0.023286
0.452645
0.740781
0.120556
0.804426
0.209001
0.438465
0.664660
0.881713
0.621202
0.491704
# Row 89
0.996263
0.024391
0.630317
0.269563
0.046124
0.633380
0.607924
0.910431
0.339519
0.628038
0.324346
0.475529
0.166297
0.604028
0.904769
0.212772
0.175470
0.427936
0.617935
0.826320
0.017543
0.814678
0.877998
0.508917
0.770628
0.103343
0.484211
0.870155
0.393032
0.516108
0.403724
0.870944
0.319204
0.279391
0.051422
0.680267
0.859309
0.497895
0.221860
0.622982
0.155273
0.008072
0.469760
0.345713
0.795806
0.270447
0.658035
0.141183
0.585906
0.878805
0.639762
0.329785
0.516807
0.422543
0.110105
0.381301
0.382768
0.206140
0.756047
0.390890
0.261927
0.942248
0.099217
0.813600
0.818320
0.743114
0.226594
0.363273
0.017885
0.055690
0.744971
0.437969
0.887648
0.151004
0.290479
0.728797
0.717396
0.186005
0.239999
0.076540
0.018082
0.019687
0.575912
0.575974
0.350231
0.963899
0.271405
0.196776
0.136125
0.577572
0.915628
0.238768
0.917032
0.831590
0.364791
0.104895
0.434877
0.356001
0.968122
0.635225
# Row 90
0.958197
0.673513
0.811182
0.467672
0.565006
0.980299
0.580917
0.084761
0.598188
0.080024
0.177974
0.770072
0.258437
0.948074
0.375995
0.172994
0.659847
0.304436
0.402119
0.496827
0.586348
0.725133
0.737724
0.054274
0.423831
0.709062
0.117045
0.537998
0.151662
0.740339
0.240049
0.434642
0.035019
0.512571
0.174417
0.561696
0.521119
0.892968
0.562422
0.361676
0.390775
0.948770
0.287649
0.871594
0.113155
0.999594
0.112883
0.862802
0.585172
0.526071
0.346139
0.572488
0.575169
0.202262
0.901898
0.419857
0.628841
0.937231
0.227533
0.704097
0.407438
0.735694
0.692010
0.245284
0.215804
0.310547
0.869890
0.371456
0.220767
0.608469
0.086068
0.334114
0.766728
0.916561
0.956443
0.799661
0.551142
0.691645
0.010698
0.305909
0.842223
0.148417
0.812703
0.671402
0.597008
0.427953
0.001939
0.122167
0.290381
0.579364
0.019011
0.067624
0.593442
0.875744
0.806366
0.867186
0.169454
0.167515
0.801170
0.824816
# Row 91
0.792357
0.084024
0.073726
0.914217
0.569627
0.225796
0.477644
0.146864
0.179032
0.858437
0.336073
0.963730
0.947054
0.604153
0.113857
0.865040
0.122613
0.822771
0.043575
0.636953
0.478871
0.641405
0.062465
0.826634
0.131902
0.306529
0.158602
0.535334
0.249630
0.835765
0.253025
0.510885
0.767581
0.996335
0.697414
0.935414
0.787626
0.855874
0.935324
0.120297
0.548221
0.477437
0.652706
0.578596
0.583830
0.468305
0.077689
0.076077
0.379728
0.761278
0.930462
0.336610
0.746662
0.192856
0.774918
0.058350
0.636588
0.646095
0.291019
0.886009
0.872591
0.013542
0.830055
0.474972
0.528100
0.289716
0.796932
0.908806
0.545551
0.271032
0.140043
0.517170
0.793940
0.687222
0.939182
0.751422
0.617431
0.941428
0.637352
0.765918
0.090795
0.840858
0.438459
0.920386
0.567397
0.866563
0.318022
0.649851
0.655402
0.285552
0.699702
0.270778
0.789560
0.142673
0.321104
0.923690
0.959258
0.290620
0.035775
0.252192
# Row 92
0.616523
0.797084
0.115325
0.735581
0.106352
0.496738
0.070086
0.117031
0.250588
0.086699
0.595863
0.782390
0.667689
0.966957
0.178183
0.567245
0.544904
0.237405
0.297428
0.513926
0.494990
0.631536
0.434772
0.918152
0.753627
0.210121
0.989446
0.340226
0.810839
0.888582
0.295330
0.491766
0.953122
0.127065
0.634925
0.320450
0.533685
0.685966
0.160394
0.617132
0.825546
0.320915
0.066687
0.867581
0.363481
0.754721
0.045846
0.311385
0.891623
0.579899
0.762940
0.590079
0.627388
0.790078
0.813914
0.442885
0.081182
0.053430
0.788762
0.509759
0.264837
0.283560
0.807350
0.936463
0.738070
0.455784
0.310865
0.544597
0.617391
0.397994
0.273143
0.370956
0.770266
0.659395
0.090097
0.325841
0.881231
0.747047
0.662371
0.140414
0.676555
0.504700
0.009447
0.130697
0.178703
0.191877
0.749193
0.202946
0.607874
0.670083
0.004895
0.955036
0.210271
0.799691
0.524714
0.324957
0.454460
0.743284
0.732267
0.524988
# Row 93
0.359344
0.922490
0.990385
0.643552
0.189150
0.214788
0.925324
0.351938
0.939816
0.949035
0.300792
0.316179
0.342754
0.974015
0.678639
0.772363
0.999818
0.658984
0.187146
0.004136
0.539111
0.030764
0.823381
0.282110
0.725029
0.265442
0.230469
0.945330
0.475499
0.607202
0.154952
0.374133
0.021061
0.170595
0.347424
0.411729
0.598302
0.449794
0.518479
0.519370
0.296788
0.178852
0.801933
0.418257
0.994345
0.195919
0.661503
0.892338
0.819136
0.412886
0.162159
0.652366
0.695081
0.896531
0.322771
0.936226
0.264737
0.460181
0.885144
0.727377
0.673802
0.344046
0.241832
0.886638
0.254962
0.341204
0.630329
0.027668
0.305321
0.683783
0.646262
0.928829
0.728262
0.734996
0.978369
0.610097
0.953068
0.897582
0.301604
0.750189
0.977352
0.523999
0.963120
0.853585
0.650309
0.139885
0.393723
0.867871
0.058667
0.127142
0.712357
0.807587
0.550195
0.579367
0.354072
0.260915
0.067654
0.278668
0.536731
0.480177
# Row 94
0.933620
0.353323
0.235449
0.516831
0.465838
0.879967
0.006669
0.627819
0.084364
0.477393
0.399137
0.914577
0.244254
0.302573
0.913362
0.961377
0.267750
0.069759
0.083887
0.608972
0.212672
0.052801
0.522698
0.066764
0.382071
0.046841
0.893047
0.356050
0.115250
0.021897
0.199905
0.753611
0.591285
0.526618
0.358166
0.024494
0.590551
0.640352
0.307919
0.991672
0.392983
0.536005
0.515772
0.475207
0.217555
0.130991
0.263878
0.072201
0.127402
0.260398
0.868562
0.259258
0.019150
0.712664
0.775889
0.140318
0.891262
0.996267
0.193067
0.983827
0.830721
0.044865
0.576126
0.784445
0.184455
0.171845
0.402932
0.126473
0.883851
0.423307
0.416530
0.940147
0.388128
0.286270
0.080275
0.539922
0.803765
0.237485
0.699822
0.968292
0.349461
0.384162
0.347138
0.882772
0.974047
0.983448
0.881235
0.401200
0.931448
0.730453
0.464891
0.735902
0.883275
0.688528
0.695309
0.515504
0.375239
0.679405
0.921501
0.220056
# Row 95
0.635622
0.949451
0.337318
0.586744
0.718129
0.342092
0.794911
0.516964
0.281082
0.911255
0.960292
0.408224
0.312002
0.548219
0.865319
0.814545
0.000884
0.421682
0.236347
0.415502
0.695098
0.771022
0.290019
0.846142
0.469772
0.284148
0.274937
0.547850
0.684168
0.138074
0.651468
0.374411
0.909226
0.002158
0.890879
0.799396
0.574649
0.386179
0.842622
0.682387
0.444324
0.658990
0.071391
0.265119
0.763191
0.635154
0.563129
0.377423
0.381817
0.608705
0.504151
0.370708
0.939940
0.153123
0.165771
0.588117
0.938162
0.468015
0.197259
0.890320
0.237168
0.865063
0.214666
0.939994
0.763576
0.493272
0.547230
0.302556
0.366419
0.216708
0.395003
0.532624
0.331883
0.802805
0.692571
0.012519
0.828030
0.147486
0.348693
0.509048
0.895733
0.062075
0.628178
0.976608
0.734963
0.349041
0.601135
0.707746
0.242966
0.187585
0.349773
0.306731
0.657073
0.689987
0.991345
0.318107
0.932246
0.345207
0.247746
0.501927
# Row 96
0.162507
0.672892
0.921037
0.422218
0.034722
0.019571
0.076260
0.057914
0.409633
0.056080
0.297810
0.799001
0.663366
0.213383
0.086136
0.338858
0.225951
0.320719
0.263412
0.391101
0.732780
0.899021
0.329000
0.760728
0.599666
0.492734
0.670125
0.390620
0.459612
0.689471
0.715365
0.531862
0.405118
0.939451
0.796630
0.986699
0.087391
0.321662
0.140767
0.423923
0.485032
0.152478
0.979294
0.436097
0.199460
0.952470
0.881756
0.305205
0.920549
0.201188
0.675628
0.267367
0.769812
0.456134
0.507523
0.458301
0.434251
0.495245
0.973736
0.109844
0.794017
0.881585
0.753086
0.025409
0.391921
0.729993
0.714918
0.850623
0.941084
0.979108
0.156470
0.277133
0.795517
0.405128
0.206110
0.565836
0.171950
0.238057
0.774933
0.784366
0.992855
0.104896
0.964736
0.946960
0.681449
0.190745
0.964318
0.987948
0.568756
0.807196
0.060540
0.748559
0.837977
0.832414
0.030739
0.107023
0.027914
0.849304
0.397354
0.120771
# Row 97
0.018720
0.883144
0.545285
0.804597
0.431502
0.819524
0.712278
0.558014
0.368178
0.274777
0.250133
0.537558
0.107552
0.566949
0.160597
0.594798
0.543860
0.684434
0.778368
0.058500
0.919372
0.725597
0.101828
0.310204
0.455413
0.155904
0.860039
0.107923
0.346816
0.634537
0.105586
0.164495
0.852063
0.851176
0.293418
0.937982
0.811931
0.302247
0.255569
0.684487
0.368144
0.756609
0.723095
0.942695
0.263562
0.111258
0.545743
0.038731
0.297625
0.731713
0.185545
0.334601
0.024714
0.288277
0.534905
0.599219
0.935913
0.633221
0.457928
0.504114
0.301989
0.775311
0.454101
0.173226
0.800864
0.373150
0.477391
0.425380
0.558202
0.028920
0.645975
0.707090
0.424786
0.676731
0.485802
0.231230
0.157241
0.447591
0.555917
0.913127
0.695398
0.994593
0.098791
0.869844
0.304520
0.581301
0.491954
0.451544
0.916028
0.493300
0.198185
0.577060
0.326896
0.012717
0.023666
0.011139
0.854039
0.299325
0.403364
0.750771
# Row 98
0.762640
0.816059
0.199968
0.875718
0.051289
0.203763
0.889744
0.697660
0.565092
0.797528
0.731400
0.337610
0.581600
0.848564
0.491564
0.637562
0.962882
0.300270
0.904678
0.625275
0.257598
0.009801
0.351330
0.297019
0.165087
0.217230
0.275541
0.848972
0.012884
0.969456
0.859718
0.401141
0.151481
0.996842
0.120528
0.836559
0.815425
0.124430
0.267453
0.381686
0.246027
0.849330
0.219115
0.630961
0.004147
0.919977
0.144580
0.659279
0.036005
0.065539
0.784729
0.851474
0.383112
0.914468
0.812801
0.929026
0.469715
0.345526
0.266473
0.083001
0.756309
0.283378
0.982941
0.981264
0.642408
0.300773
0.302967
0.950481
0.840933
0.352625
0.092326
0.723026
0.863142
0.841706
0.325517
0.560172
0.658199
0.814839
0.255821
0.230811
0.084497
0.991343
0.179913
0.545139
0.568093
0.126895
0.319420
0.861539
0.672587
0.776206
0.664476
0.039172
0.088112
0.213001
0.236775
0.676128
0.796597
0.237261
0.066521
0.521579
# Row 99
0.515916
0.004876
0.876729
0.688891
0.425038
0.276493
0.620256
0.624655
0.161956
0.539003
0.413839
0.746030
0.030191
0.008824
0.306181
0.676328
0.690523
0.300702
0.654126
0.157741
0.622744
0.524425
0.565390
0.962391
0.666284
0.255711
0.004661
0.561030
0.665316
0.483099
0.311734
0.435882
0.908281
0.542224
0.308373
0.874111
0.746660
0.760237
0.090633
0.875608
0.664471
0.109775
0.434331
0.618282
0.637504
0.442962
0.355396
0.301440
0.937290
0.686111
0.339009
0.329491
0.494572
0.835429
0.610219
0.790966
0.514340
0.329175
0.295454
0.259319
0.531037
0.773855
0.603614
0.710205
0.388206
0.478509
0.124987
0.073917
0.429683
0.474684
0.846825
0.770537
0.285500
0.858921
0.559997
0.799456
0.139313
0.343421
0.478885
0.254650
0.967671
0.808935
0.316608
0.833941
0.465445
0.657000
0.903255
0.216212
0.814687
0.607550
0.062425
0.447796
0.043087
0.799163
0.680578
0.451168
0.957636
0.155051
0.227257
0.829387
