10 10
# Row 0
0.965548
0.178225
0.712222
0.681941
0.402356
0.628622
0.378170
0.370267
0.192625
0.426840
# Row 1
0.741609
0.378364
0.962965
0.768971
0.171574
0.815769
0.961211
0.231384
0.448772
0.263935
# Row 2
0.044478
0.738824
0.664667
0.913399
0.005626
0.858640
0.924584
0.388390
0.311125
0.460775
# Row 3
0.918116
0.446989
0.455984
0.583668
0.928330
0.023882
0.407166
0.625266
0.118002
0.768411
# Row 4
0.557544
0.377553
0.391075
0.191336
0.377871
0.599702
0.918366
0.278109
0.492388
0.701772
# Row 5
0.629038
0.354067
0.250764
0.126583
0.897520
0.637730
0.389281
0.375788
0.046420
0.223052
# Row 6
0.009954
0.547259
0.589705
0.761300
0.628052
0.219777
0.760458
0.330119
0.295009
0.538884
# Row 7
0.410116
0.483860
0.971623
0.191052
0.891035
0.268498
0.160689
0.384372
0.804016
0.690353
# Row 8
0.891795
0.030547
0.223022
0.274611
0.145037
0.608649
0.119603
0.602514
0.694179
0.014871
# Row 9
0.571569
0.130596
0.710640
0.409193
0.029489
0.867842
0.693139
0.269759
0.458899
0.204024
