23642.410000
24865.300000
26956.850000
27592.400000
27161.250000
23784.890000
23152.480000
23456.200000
23611.790000
23624.160000
24016.550000
24853.260000
24768.490000
23649.610000
24632.350000
28126.860000
28040.930000
28793.400000
28470.640000
27121.180000
25772.430000
26151.870000
26364.450000
26608.520000
25459.840000
24734.710000
24035.810000
23396.370000
23295.960000
23255.290000
22914.520000
22650.530000
22982.000000
23256.810000
22028.860000
22461.710000
22405.860000
22251.240000
21456.040000
21297.870000
21167.470000
21083.650000
20930.230000
21159.220000
20207.060000
20143.800000
19892.190000
19920.180000
20001.680000
20175.250000
19252.530000
18711.910000
18403.650000
19089.750000
17956.810000
17658.260000
18017.210000
17330.660000
17737.670000
16757.760000
17031.850000
16171.340000
15543.690000
15198.840000
15030.330000
14742.180000
14486.170000
14148.660000
14027.730000
13726.270000
13766.000000
13795.340000
13261.000000
13753.270000
13187.380000
12868.010000
13325.450000
12300.440000
11814.580000
11838.500000
11550.080000
11136.240000
10831.610000
10714.310000
10349.920000
10081.430000
9899.830000
9428.450000
9128.820000
8879.620000
8556.980000
8382.910000
7967.430000
7689.840000
7448.810000
7283.460000
7017.180000
7004.090000
6851.690000
7575.790000
